"State","County","Year","Days with AQI","Good Days","Moderate Days","Unhealthy for Sensitive Groups Days","Unhealthy Days","Very Unhealthy Days","Hazardous Days","Max AQI","90th Percentile AQI","Median AQI","Days CO","Days NO2","Days Ozone","Days SO2","Days PM2.5","Days PM10"
"Alabama","Baldwin",2004,271,182,74,15,0,0,0,143,83,43,0,0,199,0,72,0
"Alabama","Barbour",2004,49,28,20,1,0,0,0,106,71,45,0,0,0,0,49,0
"Alabama","Clay",2004,283,192,87,4,0,0,0,129,77,44,0,0,190,0,93,0
"Alabama","Colbert",2004,366,295,70,1,0,0,0,102,61,38,0,0,183,101,82,0
"Alabama","DeKalb",2004,361,250,104,7,0,0,0,115,74,43,0,0,281,0,80,0
"Alabama","Elmore",2004,238,177,55,6,0,0,0,129,80,42,0,0,238,0,0,0
"Alabama","Escambia",2004,111,64,45,2,0,0,0,101,72,45,0,0,0,0,110,1
"Alabama","Etowah",2004,284,178,102,4,0,0,0,112,77,46,0,0,184,0,98,2
"Alabama","Houston",2004,73,36,36,1,0,0,0,126,68,51,0,0,0,0,70,3
"Alabama","Jackson",2004,365,276,76,12,1,0,0,200,74,39,0,6,297,62,0,0
"Alabama","Jefferson",2004,366,42,284,36,4,0,0,166,101,68,10,0,35,6,288,27
"Alabama","Lawrence",2004,278,208,68,2,0,0,0,101,67,43,0,0,198,0,80,0
"Alabama","Limestone",2004,91,86,5,0,0,0,0,84,44,31,0,4,85,2,0,0
"Alabama","Madison",2004,365,241,112,12,0,0,0,150,77,43,0,0,273,0,82,10
"Alabama","Marengo",2004,56,56,0,0,0,0,0,39,31,17,0,0,0,0,0,56
"Alabama","Mobile",2004,362,249,91,18,3,1,0,238,87,42,0,0,190,19,72,81
"Alabama","Montgomery",2004,282,209,70,3,0,0,0,124,66,43,0,0,171,0,111,0
"Alabama","Morgan",2004,285,166,110,9,0,0,0,130,77,48,0,0,199,0,86,0
"Alabama","Pike",2004,53,53,0,0,0,0,0,49,32,18,0,0,0,0,0,53
"Alabama","Russell",2004,280,179,94,7,0,0,0,129,75,46,0,0,177,0,103,0
"Alabama","Shelby",2004,280,176,90,12,2,0,0,179,84,45,0,0,192,0,88,0
"Alabama","Sumter",2004,269,215,54,0,0,0,0,93,61,38,0,0,174,0,95,0
"Alabama","Talladega",2004,283,193,85,5,0,0,0,147,68,43,0,0,187,0,96,0
"Alabama","Tuscaloosa",2004,275,203,70,2,0,0,0,115,68,42,0,0,175,0,100,0
"Alabama","Walker",2004,117,63,54,0,0,0,0,93,70,49,0,0,0,0,117,0
"Alaska","Aleutians East ",2004,121,120,1,0,0,0,0,55,23,9,0,0,0,0,121,0
"Alaska","Anchorage ",2004,306,272,33,1,0,0,0,121,52,24,132,0,0,0,72,102
"Alaska","Denali ",2004,363,360,3,0,0,0,0,80,44,30,0,0,360,0,3,0
"Alaska","Fairbanks North Star ",2004,225,182,25,5,4,3,6,503,81,24,155,0,0,0,70,0
"Alaska","Juneau ",2004,122,108,14,0,0,0,0,88,52,22,0,0,0,0,112,10
"Alaska","Kenai Peninsula ",2004,115,115,0,0,0,0,0,50,15,5,0,0,0,0,115,0
"Alaska","Matanuska-Susitna ",2004,121,110,10,0,0,0,1,501,46,9,0,0,0,0,99,22
"Alaska","Northwest Arctic ",2004,21,21,0,0,0,0,0,35,26,8,0,0,0,0,21,0
"Alaska","Skagway-Hoonah-Angoon",2004,96,87,8,1,0,0,0,122,47,17,0,0,0,0,96,0
"Alaska","Wrangell Petersburg",2004,58,58,0,0,0,0,0,46,13,5,0,0,0,0,58,0
"Arizona","Apache",2004,304,304,0,0,0,0,0,49,37,19,0,0,0,0,36,268
"Arizona","Cochise",2004,362,248,111,3,0,0,0,108,74,45,0,0,346,0,14,2
"Arizona","Coconino",2004,362,239,117,6,0,0,0,122,74,47,0,0,352,0,10,0
"Arizona","Gila",2004,366,81,121,140,24,0,0,200,135,91,0,0,66,289,9,2
"Arizona","Graham",2004,61,60,1,0,0,0,0,73,24,13,0,0,0,0,0,61
"Arizona","Maricopa",2004,366,60,255,48,2,0,1,385,105,67,1,102,185,0,29,49
"Arizona","Mohave",2004,122,119,3,0,0,0,0,84,34,18,0,0,0,0,90,32
"Arizona","Navajo",2004,335,216,115,4,0,0,0,147,80,45,0,0,322,0,8,5
"Arizona","Pima",2004,366,228,129,9,0,0,0,115,87,47,0,39,283,0,21,23
"Arizona","Pinal",2004,366,217,133,16,0,0,0,122,90,47,0,0,340,0,8,18
"Arizona","Santa Cruz",2004,62,40,22,0,0,0,0,93,61,46,0,0,0,0,47,15
"Arizona","Yavapai",2004,258,140,107,11,0,0,0,140,84,49,0,0,203,0,46,9
"Arizona","Yuma",2004,265,192,64,9,0,0,0,115,80,43,0,0,202,0,0,63
"Arkansas","Arkansas",2004,122,79,43,0,0,0,0,97,67,45,0,0,0,0,122,0
"Arkansas","Ashley",2004,119,72,47,0,0,0,0,83,69,43,0,0,0,0,119,0
"Arkansas","Clark",2004,348,310,36,1,1,0,0,154,54,33,0,0,348,0,0,0
"Arkansas","Crittenden",2004,366,263,93,10,0,0,0,140,77,40,0,0,296,0,70,0
"Arkansas","Faulkner",2004,120,70,50,0,0,0,0,84,66,48,0,0,0,0,120,0
"Arkansas","Garland",2004,98,66,32,0,0,0,0,88,63,43,0,0,0,0,98,0
"Arkansas","Mississippi",2004,108,73,35,0,0,0,0,84,66,43,0,0,0,0,108,0
"Arkansas","Montgomery",2004,290,279,11,0,0,0,0,93,46,30,0,0,290,0,0,0
"Arkansas","Newton",2004,360,284,71,5,0,0,0,133,67,40,0,0,330,0,30,0
"Arkansas","Phillips",2004,114,80,34,0,0,0,0,88,60,42,0,0,0,0,114,0
"Arkansas","Polk",2004,171,128,43,0,0,0,0,77,59,40,0,0,61,0,110,0
"Arkansas","Pope",2004,119,68,51,0,0,0,0,99,64,42,0,0,0,0,119,0
"Arkansas","Pulaski",2004,366,151,203,11,1,0,0,151,79,53,0,6,110,0,250,0
"Arkansas","Sebastian",2004,110,58,52,0,0,0,0,91,67,50,0,0,0,0,110,0
"Arkansas","Union",2004,349,310,39,0,0,0,0,85,52,7,0,0,0,245,104,0
"Arkansas","Washington",2004,92,66,26,0,0,0,0,74,58,39,0,0,0,0,92,0
"Arkansas","White",2004,119,63,56,0,0,0,0,95,67,48,0,0,0,0,119,0
"California","Alameda",2004,366,236,114,16,0,0,0,136,82,43,0,27,145,0,194,0
"California","Amador",2004,366,250,96,18,2,0,0,156,84,41,6,0,360,0,0,0
"California","Butte",2004,366,183,141,39,3,0,0,172,105,51,2,2,281,0,80,1
"California","Calaveras",2004,362,223,111,24,4,0,0,156,93,45,2,0,343,0,17,0
"California","Colusa",2004,365,276,81,8,0,0,0,123,69,40,0,0,242,0,82,41
"California","Contra Costa",2004,366,275,72,18,1,0,0,160,88,40,0,37,240,5,84,0
"California","Del Norte",2004,159,159,0,0,0,0,0,42,30,12,0,0,0,0,109,50
"California","El Dorado",2004,366,178,127,53,8,0,0,192,112,51,0,6,355,0,4,1
"California","Fresno",2004,366,59,175,107,25,0,0,195,143,86,0,14,225,0,126,1
"California","Glenn",2004,363,309,54,0,0,0,0,100,61,37,0,0,354,0,0,9
"California","Humboldt",2004,64,53,11,0,0,0,0,79,57,27,0,0,0,0,52,12
"California","Imperial",2004,366,125,195,44,2,0,0,161,105,61,13,48,254,0,32,19
"California","Inyo",2004,366,168,138,35,2,3,20,5121,119,57,0,0,277,0,9,80
"California","Kern",2004,366,24,135,98,95,14,0,222,185,113,0,2,230,0,133,1
"California","Kings",2004,365,167,134,56,8,0,0,172,112,55,0,91,211,0,48,15
"California","Lake",2004,362,343,19,0,0,0,0,87,47,35,0,0,357,0,5,0
"California","Los Angeles",2004,366,29,179,87,67,4,0,229,169,90,0,46,173,0,147,0
"California","Madera",2004,340,214,103,23,0,0,0,147,93,44,0,49,291,0,0,0
"California","Marin",2004,360,350,10,0,0,0,0,77,39,29,0,166,160,0,33,1
"California","Mariposa",2004,366,137,158,54,13,3,1,301,122,61,0,0,295,0,70,1
"California","Mendocino",2004,366,356,10,0,0,0,0,64,44,32,1,45,298,0,19,3
"California","Merced",2004,365,162,127,62,13,1,0,204,126,58,0,37,282,0,45,1
"California","Mono",2004,331,197,103,23,1,0,7,883,100,48,0,0,259,0,16,56
"California","Monterey",2004,366,342,21,3,0,0,0,129,47,35,0,31,320,0,8,7
"California","Napa",2004,365,354,9,2,0,0,0,105,40,31,4,90,264,0,0,7
"California","Nevada",2004,366,166,128,60,11,1,0,206,122,52,0,0,316,0,14,36
"California","Orange",2004,366,75,215,66,10,0,0,179,126,67,0,36,203,0,126,1
"California","Placer",2004,366,160,133,59,14,0,0,192,126,56,0,10,281,0,75,0
"California","Plumas",2004,366,296,67,3,0,0,0,124,70,41,0,0,216,0,74,76
"California","Riverside",2004,366,60,129,93,67,17,0,212,172,98,0,12,215,0,136,3
"California","Sacramento",2004,366,112,181,63,10,0,0,172,122,63,0,11,207,0,147,1
"California","San Benito",2004,366,284,71,11,0,0,0,143,77,41,0,0,363,0,3,0
"California","San Bernardino",2004,366,64,134,86,60,22,0,242,182,90,0,65,238,0,61,2
"California","San Diego",2004,366,75,236,49,6,0,0,174,112,67,0,46,197,2,118,3
"California","San Francisco",2004,366,243,116,7,0,0,0,149,69,41,0,51,68,1,245,1
"California","San Joaquin",2004,366,264,88,13,1,0,0,179,82,43,0,89,206,0,50,21
"California","San Luis Obispo",2004,366,195,135,36,0,0,0,134,100,49,0,10,214,127,11,4
"California","San Mateo",2004,362,253,103,6,0,0,0,120,68,40,0,27,112,0,223,0
"California","Santa Barbara",2004,366,217,130,17,2,0,0,192,87,48,0,7,347,0,12,0
"California","Santa Clara",2004,366,222,120,24,0,0,0,147,86,46,0,32,166,0,168,0
"California","Santa Cruz",2004,366,345,18,3,0,0,0,143,47,36,0,5,338,1,11,11
"California","Shasta",2004,366,254,75,34,3,0,0,177,101,44,0,0,350,0,16,0
"California","Siskiyou",2004,352,328,23,1,0,0,0,101,49,33,0,0,331,0,9,12
"California","Solano",2004,366,207,142,16,1,0,0,154,87,45,0,8,143,0,215,0
"California","Sonoma",2004,366,336,29,1,0,0,0,122,46,33,0,60,264,0,40,2
"California","Stanislaus",2004,366,208,123,31,4,0,0,159,100,47,4,77,237,0,46,2
"California","Sutter",2004,366,214,122,29,1,0,0,159,96,46,0,57,231,0,78,0
"California","Tehama",2004,304,189,67,47,1,0,0,159,108,42,0,0,287,0,0,17
"California","Trinity",2004,140,138,2,0,0,0,0,61,25,11,0,0,0,0,105,35
"California","Tulare",2004,366,46,157,86,77,0,0,195,164,96,0,7,217,0,142,0
"California","Tuolumne",2004,365,226,123,16,0,0,0,140,87,44,3,0,362,0,0,0
"California","Ventura",2004,366,161,125,66,14,0,0,182,129,57,0,23,305,0,38,0
"California","Yolo",2004,366,242,110,14,0,0,0,135,82,44,0,4,235,0,117,10
"Canada","New Brunswick",2004,175,174,1,0,0,0,0,74,39,26,0,0,175,0,0,0
"Canada","Ontario",2004,164,148,14,2,0,0,0,140,50,31,0,0,79,85,0,0
"Canada","Saskatchewan",2004,340,298,30,11,1,0,0,200,56,17,0,195,0,97,48,0
"Colorado","Adams",2004,366,218,143,5,0,0,0,134,68,47,0,129,122,24,40,51
"Colorado","Alamosa",2004,362,349,13,0,0,0,0,95,35,21,0,0,0,0,17,345
"Colorado","Arapahoe",2004,362,275,81,6,0,0,0,119,69,42,0,0,335,0,27,0
"Colorado","Archuleta",2004,361,355,6,0,0,0,0,63,35,21,0,0,0,0,41,320
"Colorado","Boulder",2004,366,302,64,0,0,0,0,97,58,41,21,0,290,0,52,3
"Colorado","Delta",2004,64,54,10,0,0,0,0,91,55,23,0,0,0,0,43,21
"Colorado","Denver",2004,366,241,122,3,0,0,0,113,66,46,3,147,115,2,92,7
"Colorado","Douglas",2004,286,212,64,10,0,0,0,122,74,44,0,0,286,0,0,0
"Colorado","El Paso",2004,366,293,70,3,0,0,0,105,61,42,10,0,315,0,36,5
"Colorado","Elbert",2004,111,110,1,0,0,0,0,51,25,16,0,0,0,0,111,0
"Colorado","Fremont",2004,60,60,0,0,0,0,0,30,21,13,0,0,0,0,0,60
"Colorado","Garfield",2004,95,94,1,0,0,0,0,54,33,19,0,0,0,0,0,95
"Colorado","Gunnison",2004,366,238,126,2,0,0,0,112,66,48,0,0,307,0,1,58
"Colorado","Jackson",2004,110,110,0,0,0,0,0,26,15,7,0,0,0,0,110,0
"Colorado","Jefferson",2004,365,255,93,17,0,0,0,136,84,43,2,0,363,0,0,0
"Colorado","La Plata",2004,366,258,107,1,0,0,0,108,71,44,0,19,344,0,0,3
"Colorado","Larimer",2004,366,212,145,9,0,0,0,119,80,49,0,0,342,0,22,2
"Colorado","Mesa",2004,351,305,45,1,0,0,0,117,54,24,128,0,0,0,110,113
"Colorado","Montezuma",2004,364,275,87,2,0,0,0,108,67,45,0,0,361,0,3,0
"Colorado","Pitkin",2004,350,349,1,0,0,0,0,56,27,16,0,0,0,0,6,344
"Colorado","Prowers",2004,365,347,18,0,0,0,0,70,40,20,0,0,0,0,0,365
"Colorado","Pueblo",2004,125,118,7,0,0,0,0,68,45,27,0,0,0,0,85,40
"Colorado","Routt",2004,334,309,25,0,0,0,0,84,46,17,0,0,0,0,46,288
"Colorado","San Juan",2004,118,118,0,0,0,0,0,21,14,8,0,0,0,0,118,0
"Colorado","San Miguel",2004,116,112,4,0,0,0,0,59,32,16,0,0,0,0,38,78
"Colorado","Summit",2004,221,213,8,0,0,0,0,64,27,13,0,0,0,0,0,221
"Colorado","Teller",2004,346,344,2,0,0,0,0,72,29,17,0,0,0,0,0,346
"Colorado","Weld",2004,364,238,124,2,0,0,0,101,74,44,25,0,289,0,48,2
"Connecticut","Fairfield",2004,366,259,84,18,4,1,0,205,81,42,3,80,148,66,69,0
"Connecticut","Hartford",2004,366,243,111,11,1,0,0,154,73,42,17,31,146,0,172,0
"Connecticut","Litchfield",2004,237,177,50,8,2,0,0,185,84,41,0,0,167,0,70,0
"Connecticut","Middlesex",2004,181,136,29,15,1,0,0,192,90,41,0,0,181,0,0,0
"Connecticut","New Haven",2004,366,125,225,14,1,1,0,206,87,56,0,16,56,11,258,25
"Connecticut","New London",2004,239,188,47,3,1,0,0,174,68,40,0,0,155,0,84,0
"Connecticut","Tolland",2004,178,141,27,9,1,0,0,159,77,40,0,0,178,0,0,0
"Connecticut","Windham",2004,347,314,25,7,1,0,0,182,50,32,0,0,347,0,0,0
"Country Of Mexico","BAJA CALIFORNIA NORTE",2004,366,28,160,134,27,11,6,397,162,100,44,56,162,0,0,104
"Country Of Mexico","CHIHUAHUA STATE",2004,366,221,124,19,1,1,0,204,90,46,90,0,221,0,0,55
"Country Of Mexico","SONORA",2004,60,27,33,0,0,0,0,87,77,56,0,0,0,0,0,60
"Delaware","Kent",2004,263,166,84,13,0,0,0,147,87,45,0,0,169,0,94,0
"Delaware","New Castle",2004,366,103,230,32,1,0,0,172,99,62,0,12,77,91,186,0
"Delaware","Sussex",2004,263,147,98,16,2,0,0,154,97,48,0,0,183,0,80,0
"District Of Columbia","District of Columbia",2004,366,133,212,18,3,0,0,190,86,57,0,85,56,4,219,2
"Florida","Alachua",2004,364,270,85,9,0,0,0,147,74,40,0,0,307,0,53,4
"Florida","Baker",2004,342,301,39,2,0,0,0,108,54,34,0,0,342,0,0,0
"Florida","Bay",2004,359,259,80,18,2,0,0,166,80,43,0,0,294,0,59,6
"Florida","Brevard",2004,354,294,59,1,0,0,0,105,62,38,0,0,304,0,39,11
"Florida","Broward",2004,360,259,94,7,0,0,0,129,64,40,7,33,136,20,163,1
"Florida","Citrus",2004,119,98,20,0,1,0,0,152,54,34,0,0,0,0,119,0
"Florida","Collier",2004,356,315,37,4,0,0,0,122,54,34,0,0,356,0,0,0
"Florida","Columbia",2004,358,309,45,4,0,0,0,122,58,36,0,0,358,0,0,0
"Florida","Duval",2004,364,129,218,14,3,0,0,174,84,55,0,7,86,28,242,1
"Florida","Escambia",2004,363,147,179,34,3,0,0,156,101,54,0,0,117,43,203,0
"Florida","Hamilton",2004,361,360,1,0,0,0,0,57,27,17,0,0,0,112,0,249
"Florida","Highlands",2004,338,291,43,4,0,0,0,108,61,38,0,0,338,0,0,0
"Florida","Hillsborough",2004,366,108,225,30,3,0,0,179,99,58,0,0,95,56,213,2
"Florida","Holmes",2004,364,315,45,4,0,0,0,115,58,36,0,0,364,0,0,0
"Florida","Indian River",2004,296,247,46,3,0,0,0,112,67,39,0,0,296,0,0,0
"Florida","Lake",2004,344,231,104,7,2,0,0,159,66,44,0,0,187,0,157,0
"Florida","Lee",2004,361,292,62,7,0,0,0,136,63,38,0,0,313,0,43,5
"Florida","Leon",2004,364,148,200,14,2,0,0,156,84,54,0,0,70,0,294,0
"Florida","Liberty",2004,351,310,40,1,0,0,0,108,54,35,0,0,351,0,0,0
"Florida","Manatee",2004,365,247,91,24,3,0,0,166,87,45,0,0,325,8,32,0
"Florida","Marion",2004,353,272,74,7,0,0,0,143,71,40,0,0,292,0,61,0
"Florida","Miami-Dade",2004,366,184,174,5,3,0,0,161,70,50,10,6,62,0,288,0
"Florida","Nassau",2004,356,297,48,9,1,1,0,277,60,25,0,0,0,125,0,231
"Florida","Orange",2004,366,219,138,9,0,0,0,143,72,47,8,3,128,0,226,1
"Florida","Osceola",2004,331,295,33,3,0,0,0,147,54,35,0,0,331,0,0,0
"Florida","Palm Beach",2004,348,275,71,2,0,0,0,105,61,40,0,2,222,0,118,6
"Florida","Pasco",2004,364,279,76,9,0,0,0,140,74,42,0,0,364,0,0,0
"Florida","Pinellas",2004,366,163,171,31,1,0,0,151,99,53,0,1,89,99,173,4
"Florida","Polk",2004,365,272,78,15,0,0,0,122,71,41,0,0,257,37,62,9
"Florida","Putnam",2004,365,342,23,0,0,0,0,74,40,22,0,0,0,54,0,311
"Florida","Santa Rosa",2004,244,173,56,15,0,0,0,147,87,44,0,0,215,0,29,0
"Florida","Sarasota",2004,363,277,69,14,3,0,0,182,71,41,5,0,323,0,30,5
"Florida","Seminole",2004,300,226,68,6,0,0,0,126,74,40,0,0,224,0,73,3
"Florida","St. Lucie",2004,335,286,44,5,0,0,0,126,54,36,0,25,251,0,59,0
"Florida","Volusia",2004,356,305,50,1,0,0,0,126,58,38,0,0,284,0,63,9
"Florida","Wakulla",2004,360,279,76,5,0,0,0,112,64,39,0,0,313,0,47,0
"Georgia","Bartow",2004,366,350,13,3,0,0,0,127,33,6,0,0,0,366,0,0
"Georgia","Bibb",2004,366,175,173,14,4,0,0,169,90,52,0,0,121,0,245,0
"Georgia","Charlton",2004,117,97,19,1,0,0,0,121,55,33,0,0,0,0,117,0
"Georgia","Chatham",2004,366,160,189,17,0,0,0,126,82,52,0,0,52,72,240,2
"Georgia","Chattooga",2004,253,184,64,5,0,0,0,122,80,43,0,0,240,0,0,13
"Georgia","Clarke",2004,326,162,148,14,2,0,0,174,85,51,0,0,144,0,182,0
"Georgia","Clayton",2004,109,30,74,5,0,0,0,115,84,58,0,0,0,0,109,0
"Georgia","Cobb",2004,286,167,111,8,0,0,0,129,80,47,0,0,184,0,102,0
"Georgia","Coffee",2004,56,35,21,0,0,0,0,89,63,45,0,0,0,0,56,0
"Georgia","Coweta",2004,344,162,167,13,2,0,0,182,82,52,0,0,82,0,262,0
"Georgia","Dawson",2004,245,192,50,3,0,0,0,119,71,40,0,0,245,0,0,0
"Georgia","DeKalb",2004,366,99,244,19,3,1,0,207,90,60,0,16,77,0,273,0
"Georgia","Dougherty",2004,117,57,57,3,0,0,0,114,75,52,0,0,0,0,109,8
"Georgia","Douglas",2004,264,192,60,11,1,0,0,156,80,43,0,0,245,0,0,19
"Georgia","Fannin",2004,366,359,5,2,0,0,0,141,19,4,0,0,0,366,0,0
"Georgia","Fayette",2004,243,155,73,12,3,0,0,179,97,45,0,0,243,0,0,0
"Georgia","Floyd",2004,366,260,103,3,0,0,0,121,74,23,0,0,0,257,107,2
"Georgia","Fulton",2004,366,96,245,19,5,1,0,204,97,60,0,22,92,21,230,1
"Georgia","Glynn",2004,282,218,59,5,0,0,0,129,64,41,0,0,200,0,75,7
"Georgia","Gwinnett",2004,365,142,203,16,4,0,0,185,88,56,0,0,112,0,253,0
"Georgia","Hall",2004,116,44,72,0,0,0,0,99,73,54,0,0,0,0,116,0
"Georgia","Henry",2004,348,154,168,23,3,0,0,179,89,54,0,0,90,0,258,0
"Georgia","Houston",2004,58,28,30,0,0,0,0,97,74,52,0,0,0,0,58,0
"Georgia","Lowndes",2004,49,21,28,0,0,0,0,87,74,52,0,0,0,0,49,0
"Georgia","Murray",2004,284,190,89,5,0,0,0,133,80,44,0,0,205,0,79,0
"Georgia","Muscogee",2004,327,150,169,8,0,0,0,143,78,52,0,0,72,0,255,0
"Georgia","Paulding",2004,364,180,178,6,0,0,0,122,83,51,0,3,96,0,265,0
"Georgia","Pike",2004,363,286,66,10,1,0,0,161,67,38,0,0,363,0,0,0
"Georgia","Richmond",2004,364,130,217,14,3,0,0,159,86,56,0,0,76,3,285,0
"Georgia","Rockdale",2004,366,283,63,15,5,0,0,192,80,35,0,122,244,0,0,0
"Georgia","Spalding",2004,57,57,0,0,0,0,0,35,31,17,0,0,0,0,0,57
"Georgia","Sumter",2004,237,177,58,2,0,0,0,112,71,42,0,0,237,0,0,0
"Georgia","Walker",2004,62,26,36,0,0,0,0,90,77,53,0,0,0,0,55,7
"Georgia","Washington",2004,60,21,38,0,1,0,0,151,79,55,0,0,0,0,58,2
"Georgia","Wilkinson",2004,119,44,73,2,0,0,0,118,77,55,0,0,0,0,119,0
"Hawaii","Hawaii",2004,366,221,15,55,75,0,0,200,200,11,0,0,0,316,50,0
"Hawaii","Honolulu",2004,366,363,1,0,2,0,0,175,35,23,16,2,198,21,86,43
"Hawaii","Kauai",2004,52,52,0,0,0,0,0,26,19,14,0,0,0,0,0,52
"Hawaii","Maui",2004,324,321,3,0,0,0,0,56,29,17,0,0,0,0,80,244
"Idaho","Ada",2004,366,259,100,7,0,0,0,120,77,42,26,0,194,0,87,59
"Idaho","Bannock",2004,366,301,63,1,1,0,0,158,60,27,0,0,0,193,39,134
"Idaho","Benewah",2004,209,156,51,2,0,0,0,133,63,32,0,0,0,0,209,0
"Idaho","Bingham",2004,53,50,3,0,0,0,0,62,41,19,0,0,0,0,0,53
"Idaho","Boise",2004,285,250,33,2,0,0,0,131,53,25,0,0,0,0,285,0
"Idaho","Bonner",2004,345,340,5,0,0,0,0,63,31,13,0,0,0,0,27,318
"Idaho","Bonneville",2004,55,42,11,1,1,0,0,153,68,25,0,0,0,0,55,0
"Idaho","Boundary",2004,104,100,4,0,0,0,0,76,45,21,0,0,0,0,104,0
"Idaho","Butte",2004,349,298,51,0,0,0,0,84,54,44,0,0,340,0,9,0
"Idaho","Canyon",2004,366,283,78,5,0,0,0,134,60,40,44,0,168,0,108,46
"Idaho","Caribou",2004,366,258,59,45,4,0,0,161,109,20,0,0,0,358,8,0
"Idaho","Custer",2004,117,114,3,0,0,0,0,66,19,10,0,0,0,0,117,0
"Idaho","Elmore",2004,274,221,53,0,0,0,0,80,58,42,0,60,214,0,0,0
"Idaho","Franklin",2004,16,16,0,0,0,0,0,49,48,38,0,0,0,0,16,0
"Idaho","Gem",2004,7,3,4,0,0,0,0,78,78,57,0,0,0,0,7,0
"Idaho","Idaho",2004,300,277,23,0,0,0,0,82,45,20,0,0,0,0,300,0
"Idaho","Kootenai",2004,365,249,112,4,0,0,0,143,63,39,0,0,0,0,356,9
"Idaho","Latah",2004,292,272,20,0,0,0,0,64,43,20,0,0,0,0,292,0
"Idaho","Lemhi",2004,61,45,14,2,0,0,0,113,71,23,0,0,0,0,41,20
"Idaho","Nez Perce",2004,295,272,23,0,0,0,0,66,48,25,0,0,0,0,295,0
"Idaho","Power",2004,365,251,107,6,1,0,0,172,64,38,0,16,0,30,306,13
"Idaho","Shoshone",2004,357,234,113,10,0,0,0,134,75,36,0,0,0,0,313,44
"Idaho","Twin Falls",2004,266,243,23,0,0,0,0,88,49,27,0,0,0,0,266,0
"Idaho","Valley",2004,250,232,18,0,0,0,0,97,48,26,0,0,0,0,250,0
"Illinois","Adams",2004,366,322,44,0,0,0,0,100,51,35,0,0,317,26,23,0
"Illinois","Champaign",2004,366,279,83,4,0,0,0,120,71,39,0,0,301,0,65,0
"Illinois","Clark",2004,198,183,15,0,0,0,0,80,50,38,0,0,198,0,0,0
"Illinois","Cook",2004,366,65,247,52,2,0,0,164,108,70,0,84,30,100,147,5
"Illinois","DuPage",2004,362,325,36,1,0,0,0,115,51,29,0,0,318,0,44,0
"Illinois","Effingham",2004,207,170,35,2,0,0,0,112,64,40,0,0,207,0,0,0
"Illinois","Hamilton",2004,213,152,57,4,0,0,0,105,80,44,0,0,213,0,0,0
"Illinois","Jackson",2004,61,61,0,0,0,0,0,41,30,18,0,0,0,0,0,61
"Illinois","Jersey",2004,237,166,63,8,0,0,0,122,77,43,0,0,198,0,39,0
"Illinois","Jo Daviess",2004,356,336,18,2,0,0,0,105,46,33,0,0,356,0,0,0
"Illinois","Kane",2004,365,322,40,3,0,0,0,112,51,31,0,0,328,0,37,0
"Illinois","La Salle",2004,364,307,56,1,0,0,0,104,55,25,0,0,0,0,110,254
"Illinois","Lake",2004,365,318,42,5,0,0,0,147,58,31,0,0,334,0,31,0
"Illinois","Macon",2004,365,299,66,0,0,0,0,87,61,37,0,0,249,73,43,0
"Illinois","Macoupin",2004,365,322,42,1,0,0,0,133,51,34,0,0,339,24,0,2
"Illinois","Madison",2004,366,146,171,46,3,0,0,177,105,59,0,0,127,102,87,50
"Illinois","McHenry",2004,358,293,62,3,0,0,0,105,61,33,0,0,282,0,76,0
"Illinois","McLean",2004,361,306,55,0,0,0,0,97,60,36,0,0,327,0,34,0
"Illinois","Peoria",2004,366,250,104,12,0,0,0,118,76,41,15,0,203,91,56,1
"Illinois","Randolph",2004,366,310,55,1,0,0,0,103,58,38,0,0,312,22,32,0
"Illinois","Rock Island",2004,366,340,24,2,0,0,0,119,47,31,0,0,331,0,35,0
"Illinois","Saint Clair",2004,366,231,118,17,0,0,0,147,80,43,1,91,136,50,87,1
"Illinois","Sangamon",2004,366,272,77,17,0,0,0,143,70,40,10,0,207,71,78,0
"Illinois","Tazewell",2004,366,301,39,21,5,0,0,197,79,14,0,0,0,366,0,0
"Illinois","Wabash",2004,365,296,41,22,6,0,0,200,84,10,0,0,0,365,0,0
"Illinois","Will",2004,366,304,59,3,0,0,0,119,62,35,0,1,270,58,37,0
"Illinois","Winnebago",2004,366,324,38,4,0,0,0,132,54,32,15,0,320,0,31,0
"Indiana","Allen",2004,366,242,118,6,0,0,0,147,74,42,60,0,137,0,169,0
"Indiana","Boone",2004,183,126,52,4,1,0,0,159,77,45,0,0,183,0,0,0
"Indiana","Carroll",2004,174,129,41,4,0,0,0,115,84,44,0,0,174,0,0,0
"Indiana","Clark",2004,322,201,115,6,0,0,0,133,77,45,0,0,164,0,95,63
"Indiana","Daviess",2004,361,274,60,27,0,0,0,141,91,17,0,0,0,361,0,0
"Indiana","Dearborn",2004,366,260,67,28,11,0,0,200,102,26,0,0,0,366,0,0
"Indiana","Delaware",2004,237,147,87,3,0,0,0,133,78,46,0,0,160,0,77,0
"Indiana","Dubois",2004,120,47,72,1,0,0,0,109,80,53,0,0,0,0,116,4
"Indiana","Elkhart",2004,241,154,81,6,0,0,0,133,78,44,0,0,155,0,86,0
"Indiana","Floyd",2004,366,202,122,40,2,0,0,167,105,47,0,0,114,183,69,0
"Indiana","Fountain",2004,336,276,45,15,0,0,0,137,70,11,0,0,0,336,0,0
"Indiana","Gibson",2004,366,232,78,44,12,0,0,191,111,44,0,65,118,183,0,0
"Indiana","Greene",2004,183,122,56,5,0,0,0,119,84,46,0,0,183,0,0,0
"Indiana","Hamilton",2004,182,114,55,13,0,0,0,129,93,46,0,0,182,0,0,0
"Indiana","Hancock",2004,183,129,48,6,0,0,0,122,87,44,0,0,183,0,0,0
"Indiana","Hendricks",2004,366,285,71,10,0,0,0,115,64,38,18,106,171,64,0,7
"Indiana","Henry",2004,117,68,49,0,0,0,0,85,75,46,0,0,0,0,117,0
"Indiana","Howard",2004,114,56,58,0,0,0,0,99,70,51,0,0,0,0,114,0
"Indiana","Huntington",2004,174,151,20,3,0,0,0,115,64,41,0,0,174,0,0,0
"Indiana","Jackson",2004,180,137,42,1,0,0,0,119,71,44,0,0,180,0,0,0
"Indiana","Jasper",2004,342,328,13,1,0,0,0,103,30,10,0,0,0,342,0,0
"Indiana","Jefferson",2004,366,318,44,4,0,0,0,116,55,21,0,0,0,366,0,0
"Indiana","Johnson",2004,183,131,47,5,0,0,0,129,71,45,0,0,183,0,0,0
"Indiana","Knox",2004,360,273,85,2,0,0,0,112,67,40,0,0,280,0,80,0
"Indiana","LaPorte",2004,366,276,85,5,0,0,0,119,69,35,0,0,158,123,85,0
"Indiana","Lake",2004,366,115,220,29,2,0,0,152,96,58,1,16,54,41,241,13
"Indiana","Madison",2004,241,143,91,7,0,0,0,122,80,47,0,0,159,0,79,3
"Indiana","Marion",2004,366,94,239,32,1,0,0,164,97,64,0,12,51,90,213,0
"Indiana","Morgan",2004,274,180,76,18,0,0,0,128,89,45,0,0,151,123,0,0
"Indiana","Perry",2004,289,164,80,44,1,0,0,158,108,48,0,0,131,134,0,24
"Indiana","Pike",2004,364,274,63,25,2,0,0,194,86,24,0,0,0,364,0,0
"Indiana","Porter",2004,366,241,115,9,1,0,0,174,76,43,0,0,134,94,74,64
"Indiana","Posey",2004,180,129,47,4,0,0,0,122,77,45,0,0,180,0,0,0
"Indiana","Putnam",2004,60,60,0,0,0,0,0,48,37,17,0,0,0,0,0,60
"Indiana","Shelby",2004,183,124,55,4,0,0,0,129,80,45,0,0,183,0,0,0
"Indiana","Spencer",2004,366,298,62,6,0,0,0,116,62,21,0,0,0,315,51,0
"Indiana","St. Joseph",2004,366,262,94,9,1,0,0,164,77,40,0,133,159,0,74,0
"Indiana","Sullivan",2004,353,337,16,0,0,0,0,85,41,24,0,0,0,353,0,0
"Indiana","Tippecanoe",2004,118,66,52,0,0,0,0,95,71,47,0,0,0,0,118,0
"Indiana","Vanderburgh",2004,366,176,178,12,0,0,0,126,84,52,1,36,78,68,183,0
"Indiana","Vigo",2004,366,212,120,33,1,0,0,161,97,46,0,0,114,167,85,0
"Indiana","Wabash",2004,349,308,37,4,0,0,0,122,54,35,0,0,349,0,0,0
"Indiana","Warrick",2004,349,182,105,58,4,0,0,187,112,49,0,0,101,248,0,0
"Indiana","Washington",2004,119,73,46,0,0,0,0,97,66,42,0,0,0,0,119,0
"Indiana","Wayne",2004,366,240,96,30,0,0,0,127,96,26,0,0,0,366,0,0
"Indiana","Whitley",2004,59,53,6,0,0,0,0,64,51,27,0,0,0,0,0,59
"Iowa","Black Hawk",2004,122,84,37,1,0,0,0,108,60,33,0,0,0,0,114,8
"Iowa","Bremer",2004,214,192,22,0,0,0,0,84,51,38,0,0,214,0,0,0
"Iowa","Cerro Gordo",2004,366,285,79,2,0,0,0,118,62,32,0,0,0,7,81,278
"Iowa","Clinton",2004,361,286,70,5,0,0,0,122,61,35,0,0,183,14,69,95
"Iowa","Delaware",2004,57,57,0,0,0,0,0,36,23,12,0,0,0,0,0,57
"Iowa","Emmet",2004,119,98,21,0,0,0,0,96,61,30,0,0,0,0,110,9
"Iowa","Harrison",2004,197,156,37,4,0,0,0,129,71,41,0,0,197,0,0,0
"Iowa","Johnson",2004,122,85,34,3,0,0,0,108,67,38,0,0,0,0,122,0
"Iowa","Lee",2004,118,116,2,0,0,0,0,61,34,19,0,0,0,0,0,118
"Iowa","Linn",2004,366,190,154,21,1,0,0,157,84,49,1,0,99,98,166,2
"Iowa","Montgomery",2004,260,228,32,0,0,0,0,93,54,34,0,0,179,0,81,0
"Iowa","Muscatine",2004,366,229,93,43,1,0,0,153,106,36,0,0,0,182,68,116
"Iowa","Palo Alto",2004,366,352,13,1,0,0,0,102,44,27,0,0,187,0,0,179
"Iowa","Polk",2004,366,259,104,3,0,0,0,104,63,39,0,30,108,0,213,15
"Iowa","Pottawattamie",2004,301,236,63,2,0,0,0,108,58,33,0,0,0,0,77,224
"Iowa","Scott",2004,366,191,170,5,0,0,0,136,75,49,0,1,97,0,179,89
"Iowa","Story",2004,203,200,3,0,0,0,0,67,42,32,0,0,203,0,0,0
"Iowa","Van Buren",2004,366,301,64,1,0,0,0,146,61,36,0,0,188,4,77,97
"Iowa","Warren",2004,172,170,2,0,0,0,0,67,40,27,0,0,172,0,0,0
"Iowa","Woodbury",2004,124,95,29,0,0,0,0,97,62,38,0,0,0,0,107,17
"Iowa","Wright",2004,113,83,29,1,0,0,0,105,65,33,0,0,0,0,113,0
"Kansas","Brown",2004,118,95,23,0,0,0,0,81,59,33,0,0,0,0,118,0
"Kansas","Chase",2004,118,102,16,0,0,0,0,93,54,25,0,0,0,0,118,0
"Kansas","Douglas",2004,362,333,29,0,0,0,0,97,49,35,0,0,362,0,0,0
"Kansas","Ford",2004,54,54,0,0,0,0,0,32,27,17,0,0,0,0,0,54
"Kansas","Johnson",2004,366,299,65,2,0,0,0,119,59,40,0,0,297,0,69,0
"Kansas","Leavenworth",2004,363,322,39,2,0,0,0,112,54,35,0,0,363,0,0,0
"Kansas","Linn",2004,366,322,43,1,0,0,0,115,54,36,4,5,290,5,62,0
"Kansas","Montgomery",2004,364,343,14,7,0,0,0,126,32,13,0,0,0,73,0,291
"Kansas","Neosho",2004,58,58,0,0,0,0,0,38,32,17,0,0,0,0,0,58
"Kansas","Riley",2004,364,323,41,0,0,0,0,100,51,38,0,0,364,0,0,0
"Kansas","Sedgwick",2004,366,288,76,2,0,0,0,119,65,41,11,28,240,0,71,16
"Kansas","Shawnee",2004,125,96,28,1,0,0,0,106,63,38,0,0,0,0,122,3
"Kansas","Sherman",2004,48,47,1,0,0,0,0,54,36,16,0,0,0,0,0,48
"Kansas","Sumner",2004,358,331,27,0,0,0,0,75,48,31,0,35,229,4,90,0
"Kansas","Trego",2004,361,267,90,4,0,0,0,115,71,43,0,0,342,0,19,0
"Kansas","Wyandotte",2004,365,266,96,3,0,0,0,113,62,41,1,92,153,31,87,1
"Kentucky","Bell",2004,263,195,66,2,0,0,0,115,67,44,0,0,221,0,42,0
"Kentucky","Boone",2004,245,208,35,2,0,0,0,122,64,40,0,0,245,0,0,0
"Kentucky","Boyd",2004,366,246,114,6,0,0,0,129,73,43,0,42,172,61,91,0
"Kentucky","Bullitt",2004,357,273,82,1,1,0,0,192,62,38,0,93,163,0,100,1
"Kentucky","Campbell",2004,365,220,121,24,0,0,0,147,86,45,0,47,154,88,68,8
"Kentucky","Carter",2004,283,220,63,0,0,0,0,86,61,39,0,0,182,0,101,0
"Kentucky","Christian",2004,278,170,101,7,0,0,0,129,77,47,0,0,202,0,76,0
"Kentucky","Daviess",2004,366,237,125,4,0,0,0,135,74,43,0,30,146,97,83,10
"Kentucky","Edmonson",2004,365,264,99,2,0,0,0,105,70,42,0,0,286,0,79,0
"Kentucky","Fayette",2004,366,269,97,0,0,0,0,100,67,41,0,74,142,42,108,0
"Kentucky","Franklin",2004,115,64,51,0,0,0,0,86,67,46,0,0,0,0,115,0
"Kentucky","Graves",2004,245,209,35,1,0,0,0,108,54,39,0,0,245,0,0,0
"Kentucky","Greenup",2004,365,291,70,4,0,0,0,115,67,38,0,0,219,146,0,0
"Kentucky","Hancock",2004,356,270,72,14,0,0,0,150,80,40,0,0,204,152,0,0
"Kentucky","Hardin",2004,285,197,85,3,0,0,0,143,69,44,0,0,196,0,86,3
"Kentucky","Harlan",2004,58,58,0,0,0,0,0,40,28,19,0,0,0,0,0,58
"Kentucky","Henderson",2004,366,250,96,20,0,0,0,145,78,41,0,0,166,88,74,38
"Kentucky","Jefferson",2004,366,82,250,33,1,0,0,169,99,63,0,3,58,95,210,0
"Kentucky","Jessamine",2004,236,193,42,1,0,0,0,108,64,40,0,0,236,0,0,0
"Kentucky","Kenton",2004,273,163,99,11,0,0,0,136,76,45,0,0,180,0,93,0
"Kentucky","Laurel",2004,65,26,39,0,0,0,0,97,73,53,0,0,0,0,65,0
"Kentucky","Livingston",2004,366,288,75,3,0,0,0,122,67,38,0,0,222,144,0,0
"Kentucky","Madison",2004,120,61,59,0,0,0,0,96,69,50,0,0,0,0,111,9
"Kentucky","Marshall",2004,11,11,0,0,0,0,0,26,21,17,0,0,0,0,0,11
"Kentucky","McCracken",2004,366,273,92,1,0,0,0,112,65,40,0,74,171,11,90,20
"Kentucky","McLean",2004,237,180,53,4,0,0,0,119,71,44,0,0,237,0,0,0
"Kentucky","Morgan",2004,363,312,47,4,0,0,0,115,61,38,0,0,363,0,0,0
"Kentucky","Oldham",2004,244,175,58,11,0,0,0,126,74,44,0,0,244,0,0,0
"Kentucky","Perry",2004,264,186,77,1,0,0,0,101,67,43,0,0,213,0,51,0
"Kentucky","Pike",2004,360,287,72,1,0,0,0,103,59,36,0,0,168,0,104,88
"Kentucky","Pulaski",2004,265,213,52,0,0,0,0,93,64,41,0,0,245,0,0,20
"Kentucky","Scott",2004,239,226,13,0,0,0,0,67,46,33,0,0,239,0,0,0
"Kentucky","Simpson",2004,245,183,59,3,0,0,0,133,71,42,0,0,245,0,0,0
"Kentucky","Trigg",2004,365,273,87,5,0,0,0,136,67,40,0,0,305,0,60,0
"Kentucky","Warren",2004,366,266,99,1,0,0,0,105,68,41,0,57,181,22,95,11
"Kentucky","Washington",2004,361,302,58,1,0,0,0,101,61,37,0,0,361,0,0,0
"Louisiana","Ascension",2004,349,291,47,10,1,0,0,151,71,34,0,0,349,0,0,0
"Louisiana","Beauregard",2004,366,317,42,7,0,0,0,133,61,35,0,0,366,0,0,0
"Louisiana","Bossier",2004,366,240,123,3,0,0,0,143,70,44,0,0,156,3,207,0
"Louisiana","Caddo",2004,362,271,83,8,0,0,0,136,70,39,0,0,290,0,70,2
"Louisiana","Calcasieu",2004,366,226,126,13,1,0,0,154,80,45,0,1,186,16,163,0
"Louisiana","Concordia",2004,60,41,19,0,0,0,0,75,64,38,0,0,0,0,60,0
"Louisiana","East Baton Rouge",2004,366,178,150,29,8,1,0,205,101,51,0,22,152,21,171,0
"Louisiana","Grant",2004,355,293,54,8,0,0,0,133,67,37,0,0,355,0,0,0
"Louisiana","Iberville",2004,366,246,94,22,4,0,0,177,90,41,0,12,290,0,64,0
"Louisiana","Jefferson",2004,366,209,145,10,2,0,0,166,74,47,0,10,137,0,219,0
"Louisiana","Lafayette",2004,366,275,72,18,1,0,0,164,77,38,0,0,309,0,57,0
"Louisiana","Lafourche",2004,366,237,110,19,0,0,0,143,80,43,0,0,197,0,169,0
"Louisiana","Livingston",2004,354,240,106,8,0,0,0,143,67,42,0,0,187,0,167,0
"Louisiana","Orleans",2004,366,213,148,5,0,0,0,125,70,46,4,32,64,0,266,0
"Louisiana","Ouachita",2004,365,287,72,6,0,0,0,122,67,37,0,0,285,17,63,0
"Louisiana","Plaquemines",2004,97,82,15,0,0,0,0,75,57,32,0,0,0,0,97,0
"Louisiana","Pointe Coupee",2004,355,310,35,10,0,0,0,140,58,33,0,0,355,0,0,0
"Louisiana","Rapides",2004,113,84,29,0,0,0,0,95,62,36,0,0,0,0,113,0
"Louisiana","St. Bernard",2004,365,257,85,19,4,0,0,200,87,41,0,0,259,59,47,0
"Louisiana","St. Charles",2004,360,310,40,9,1,0,0,161,64,31,0,0,351,0,0,9
"Louisiana","St. James",2004,349,312,31,6,0,0,0,119,51,31,0,0,349,0,0,0
"Louisiana","St. John the Baptist",2004,346,298,38,10,0,0,0,133,61,32,0,0,346,0,0,0
"Louisiana","St. Mary",2004,349,277,62,9,1,0,0,154,77,34,0,0,349,0,0,0
"Louisiana","Tangipahoa",2004,119,80,38,1,0,0,0,106,64,39,0,0,0,0,119,0
"Louisiana","Terrebonne",2004,111,81,29,1,0,0,0,125,63,33,0,0,0,0,111,0
"Louisiana","West Baton Rouge",2004,366,153,162,50,1,0,0,169,111,55,0,6,83,84,193,0
"Louisiana","Winn",2004,117,98,18,1,0,0,0,128,57,33,0,0,0,0,117,0
"Maine","Androscoggin",2004,182,162,16,4,0,0,0,143,51,31,0,0,145,0,0,37
"Maine","Aroostook",2004,366,333,32,1,0,0,0,112,50,33,0,0,283,49,12,22
"Maine","Cumberland",2004,366,333,30,3,0,0,0,126,50,35,0,107,211,17,24,7
"Maine","Franklin",2004,61,61,0,0,0,0,0,31,19,11,0,0,0,0,0,61
"Maine","Hancock",2004,366,321,32,13,0,0,0,147,54,36,0,0,361,0,5,0
"Maine","Kennebec",2004,209,189,16,4,0,0,0,147,50,30,0,0,180,0,0,29
"Maine","Knox",2004,181,159,18,4,0,0,0,115,58,36,0,0,181,0,0,0
"Maine","MOBILE MONITORS",2004,127,113,11,3,0,0,0,133,58,36,0,0,127,0,0,0
"Maine","Oxford",2004,366,361,5,0,0,0,0,93,42,20,0,0,183,176,0,7
"Maine","Penobscot",2004,364,338,24,2,0,0,0,119,47,33,0,0,333,0,30,1
"Maine","Sagadahoc",2004,183,144,32,6,1,0,0,169,80,39,0,0,183,0,0,0
"Maine","Washington",2004,239,231,8,0,0,0,0,84,41,27,0,0,165,0,74,0
"Maine","York",2004,268,223,36,8,1,0,0,187,64,36,0,86,182,0,0,0
"Maryland","Anne Arundel",2004,285,155,101,24,4,1,0,202,101,48,0,0,168,0,90,27
"Maryland","Baltimore",2004,366,144,196,24,2,0,0,195,94,56,0,31,81,30,224,0
"Maryland","Baltimore (City)",2004,366,113,235,18,0,0,0,128,90,58,0,13,0,0,352,1
"Maryland","Carroll",2004,205,148,45,11,1,0,0,179,84,44,0,0,205,0,0,0
"Maryland","Cecil",2004,255,160,75,18,2,0,0,182,93,44,0,0,172,0,83,0
"Maryland","Charles",2004,205,141,49,14,1,0,0,179,93,44,0,0,205,0,0,0
"Maryland","Dorchester",2004,363,277,61,23,2,0,0,159,90,37,0,0,363,0,0,0
"Maryland","Frederick",2004,203,140,51,11,1,0,0,174,87,44,0,0,203,0,0,0
"Maryland","Garrett",2004,245,172,66,7,0,0,0,126,71,42,0,0,201,0,44,0
"Maryland","Harford",2004,261,145,82,29,5,0,0,190,108,48,0,0,190,0,71,0
"Maryland","Kent",2004,214,142,59,12,1,0,0,172,93,44,0,0,214,0,0,0
"Maryland","Montgomery",2004,262,162,78,20,2,0,0,172,93,44,0,0,173,0,89,0
"Maryland","Prince George's",2004,363,243,93,22,5,0,0,187,87,40,0,0,289,0,74,0
"Maryland","Washington",2004,265,165,89,11,0,0,0,150,87,46,0,0,174,0,91,0
"Massachusetts","Barnstable",2004,241,193,37,9,1,1,0,202,71,40,0,1,179,0,61,0
"Massachusetts","Berkshire",2004,217,149,63,4,1,0,0,151,75,43,0,0,132,0,85,0
"Massachusetts","Bristol",2004,366,211,138,16,1,0,0,185,77,46,0,0,97,41,228,0
"Massachusetts","Dukes",2004,241,195,39,7,0,0,0,126,74,38,0,0,172,0,69,0
"Massachusetts","Essex",2004,366,274,82,7,3,0,0,166,71,39,0,20,240,0,106,0
"Massachusetts","Hampden",2004,366,199,155,10,2,0,0,169,80,47,0,15,107,5,238,1
"Massachusetts","Hampshire",2004,366,289,65,9,3,0,0,164,71,39,0,12,338,0,16,0
"Massachusetts","Middlesex",2004,364,335,26,3,0,0,0,150,46,14,195,0,169,0,0,0
"Massachusetts","Norfolk",2004,279,212,57,8,2,0,0,187,77,38,0,2,165,0,112,0
"Massachusetts","Plymouth",2004,124,85,39,0,0,0,0,99,66,35,0,0,0,0,124,0
"Massachusetts","Suffolk",2004,366,120,236,9,1,0,0,172,84,57,0,48,30,13,274,1
"Massachusetts","Worcester",2004,366,220,135,11,0,0,0,140,76,45,0,39,90,1,233,3
"Michigan","Allegan",2004,360,214,131,14,0,1,0,202,81,44,0,0,142,0,218,0
"Michigan","Bay",2004,120,85,35,0,0,0,0,97,73,31,0,0,0,0,120,0
"Michigan","Benzie",2004,183,143,35,5,0,0,0,136,84,39,0,0,183,0,0,0
"Michigan","Berrien",2004,240,156,78,6,0,0,0,126,80,42,0,0,167,0,73,0
"Michigan","Cass",2004,171,121,41,9,0,0,0,143,77,44,0,0,171,0,0,0
"Michigan","Chippewa",2004,124,106,18,0,0,0,0,94,58,25,0,0,0,0,124,0
"Michigan","Clinton",2004,183,151,29,3,0,0,0,129,61,40,0,0,183,0,0,0
"Michigan","Delta",2004,91,91,0,0,0,0,0,43,14,0,0,0,0,91,0,0
"Michigan","Genesee",2004,366,293,66,6,1,0,0,151,73,32,23,0,168,102,71,2
"Michigan","Huron",2004,183,164,16,2,1,0,0,156,51,37,0,0,183,0,0,0
"Michigan","Ingham",2004,240,169,68,3,0,0,0,122,71,40,0,0,163,0,77,0
"Michigan","Kalamazoo",2004,241,161,78,2,0,0,0,105,74,43,0,0,148,0,93,0
"Michigan","Kent",2004,366,217,141,8,0,0,0,140,77,44,0,52,109,1,202,2
"Michigan","Keweenaw",2004,121,116,5,0,0,0,0,71,33,10,0,0,0,0,121,0
"Michigan","Leelanau",2004,175,148,25,2,0,0,0,136,67,38,0,0,175,0,0,0
"Michigan","Lenawee",2004,183,138,40,5,0,0,0,150,77,43,0,0,183,0,0,0
"Michigan","Macomb",2004,366,280,75,11,0,0,0,143,75,36,45,0,139,100,82,0
"Michigan","Mason",2004,178,135,39,4,0,0,0,136,84,38,0,0,178,0,0,0
"Michigan","Missaukee",2004,240,186,50,4,0,0,0,147,70,38,0,0,168,0,72,0
"Michigan","Monroe",2004,120,64,54,2,0,0,0,109,81,45,0,0,0,0,120,0
"Michigan","Muskegon",2004,243,176,63,4,0,0,0,129,71,37,0,0,162,0,81,0
"Michigan","Oakland",2004,366,292,68,6,0,0,0,129,68,32,126,0,156,0,84,0
"Michigan","Ottawa",2004,239,161,76,2,0,0,0,126,82,41,0,0,163,0,76,0
"Michigan","Saginaw",2004,118,85,33,0,0,0,0,93,76,29,0,0,0,0,118,0
"Michigan","Schoolcraft",2004,362,333,23,6,0,0,0,136,48,35,0,0,350,0,12,0
"Michigan","St. Clair",2004,365,226,97,42,0,0,0,141,102,38,0,0,103,207,55,0
"Michigan","Tuscola",2004,341,307,30,3,1,0,0,154,50,33,0,0,341,0,0,0
"Michigan","Washtenaw",2004,351,271,73,7,0,0,0,147,75,38,0,0,274,0,77,0
"Michigan","Wayne",2004,366,121,195,49,1,0,0,151,106,61,0,24,29,75,212,26
"Michigan","Wexford",2004,352,311,39,2,0,0,0,147,51,34,0,0,352,0,0,0
"Minnesota","Anoka",2004,366,224,138,4,0,0,0,121,74,45,0,24,105,2,235,0
"Minnesota","Carlton",2004,359,343,16,0,0,0,0,77,43,25,0,78,144,0,137,0
"Minnesota","Cass",2004,59,53,6,0,0,0,0,80,52,23,0,0,0,0,59,0
"Minnesota","Crow Wing",2004,179,166,13,0,0,0,0,90,49,37,0,0,179,0,0,0
"Minnesota","Dakota",2004,366,267,95,4,0,0,0,136,68,39,0,38,136,0,192,0
"Minnesota","Goodhue",2004,183,157,26,0,0,0,0,97,54,40,0,1,182,0,0,0
"Minnesota","Hennepin",2004,366,238,116,12,0,0,0,127,72,40,3,0,0,45,316,2
"Minnesota","Lake",2004,226,217,9,0,0,0,0,71,46,30,0,0,179,0,47,0
"Minnesota","Mille Lacs",2004,242,211,31,0,0,0,0,93,55,35,0,0,171,0,71,0
"Minnesota","Olmsted",2004,358,243,110,3,2,0,0,154,71,41,0,0,117,0,241,0
"Minnesota","Ramsey",2004,366,221,138,7,0,0,0,129,71,43,0,0,0,0,325,41
"Minnesota","Rock",2004,120,98,22,0,0,0,0,93,64,28,0,0,0,0,120,0
"Minnesota","Saint Louis",2004,366,284,80,2,0,0,0,118,62,40,0,0,221,0,133,12
"Minnesota","Scott",2004,238,207,31,0,0,0,0,90,54,37,0,0,172,0,66,0
"Minnesota","Stearns",2004,366,292,70,4,0,0,0,135,62,34,13,0,135,0,218,0
"Minnesota","Washington",2004,366,346,20,0,0,0,0,93,47,23,0,0,177,158,0,31
"Minnesota","Winona",2004,115,93,21,1,0,0,0,111,60,23,0,0,0,0,115,0
"Minnesota","Wright",2004,363,248,110,5,0,0,0,123,71,40,0,0,107,0,256,0
"Mississippi","Adams",2004,279,192,83,4,0,0,0,119,74,42,0,0,205,0,74,0
"Mississippi","Bolivar",2004,355,214,137,4,0,0,0,119,72,46,0,0,96,0,259,0
"Mississippi","DeSoto",2004,284,180,90,12,2,0,0,169,80,44,0,0,203,0,81,0
"Mississippi","Forrest",2004,120,63,56,1,0,0,0,101,75,48,0,0,0,0,120,0
"Mississippi","Grenada",2004,47,32,15,0,0,0,0,79,66,43,0,0,0,0,47,0
"Mississippi","Hancock",2004,359,280,69,10,0,0,0,122,74,38,0,82,209,0,68,0
"Mississippi","Harrison",2004,359,180,159,18,2,0,0,164,87,50,0,0,126,19,214,0
"Mississippi","Hinds",2004,366,176,189,1,0,0,0,105,72,51,0,0,56,3,307,0
"Mississippi","Jackson",2004,317,217,80,19,1,0,0,156,87,42,0,24,201,29,61,2
"Mississippi","Jones",2004,118,56,62,0,0,0,0,97,74,52,0,0,0,0,118,0
"Mississippi","Lauderdale",2004,280,195,83,2,0,0,0,108,71,44,0,0,189,0,91,0
"Mississippi","Lee",2004,366,191,166,9,0,0,0,121,78,50,0,0,82,0,283,1
"Mississippi","Lowndes",2004,112,67,44,1,0,0,0,103,65,46,0,0,0,0,112,0
"Mississippi","Madison",2004,226,182,39,5,0,0,0,140,71,41,0,0,226,0,0,0
"Mississippi","Marshall",2004,306,245,55,6,0,0,0,147,71,38,0,1,302,3,0,0
"Mississippi","Pearl River",2004,118,72,45,1,0,0,0,115,72,42,0,0,0,0,118,0
"Mississippi","Rankin",2004,115,65,50,0,0,0,0,95,67,45,0,0,0,0,115,0
"Mississippi","Scott",2004,104,67,37,0,0,0,0,92,67,43,0,0,0,0,104,0
"Mississippi","Warren",2004,167,109,58,0,0,0,0,97,63,44,0,0,71,0,96,0
"Mississippi","Yalobusha",2004,346,297,46,3,0,0,0,119,58,36,0,0,346,0,0,0
"Missouri","Boone",2004,112,80,32,0,0,0,0,87,60,39,0,0,0,0,112,0
"Missouri","Buchanan",2004,122,72,50,0,0,0,0,100,63,46,0,0,0,0,92,30
"Missouri","Cass",2004,261,213,47,1,0,0,0,133,58,42,0,0,188,0,73,0
"Missouri","Cedar",2004,253,196,53,3,1,0,0,151,61,41,0,0,165,0,88,0
"Missouri","Clay",2004,366,280,80,6,0,0,0,122,71,38,0,109,195,0,61,1
"Missouri","Clinton",2004,213,168,40,5,0,0,0,129,74,43,0,0,213,0,0,0
"Missouri","Cooper",2004,57,31,26,0,0,0,0,96,73,43,0,0,0,0,57,0
"Missouri","Greene",2004,366,251,110,5,0,0,0,119,69,44,2,64,110,127,63,0
"Missouri","Iron",2004,91,91,0,0,0,0,0,31,21,7,0,0,0,91,0,0
"Missouri","Jackson",2004,366,172,160,32,2,0,0,200,99,52,0,59,0,82,225,0
"Missouri","Jasper",2004,365,311,54,0,0,0,0,99,58,21,0,0,0,0,16,349
"Missouri","Jefferson",2004,366,146,159,49,12,0,0,200,111,57,0,0,61,122,183,0
"Missouri","Maries",2004,20,11,9,0,0,0,0,66,64,44,0,0,0,0,20,0
"Missouri","Mercer",2004,20,14,6,0,0,0,0,96,95,45,0,0,0,0,20,0
"Missouri","Monroe",2004,365,315,50,0,0,0,0,93,53,35,0,0,194,101,69,1
"Missouri","Perry",2004,214,164,49,1,0,0,0,112,71,43,0,0,214,0,0,0
"Missouri","Platte",2004,350,303,44,3,0,0,0,108,58,34,0,97,201,52,0,0
"Missouri","Saint Charles",2004,338,236,87,15,0,0,0,136,80,43,0,84,187,0,67,0
"Missouri","Saint Louis",2004,366,163,195,8,0,0,0,143,84,53,0,28,103,55,178,2
"Missouri","Sainte Genevieve",2004,360,258,99,3,0,0,0,108,67,41,0,44,231,0,85,0
"Missouri","St. Louis City",2004,366,107,238,21,0,0,0,141,87,59,0,29,29,22,192,94
"Missouri","Stoddard",2004,107,86,21,0,0,0,0,72,60,34,0,0,0,0,107,0
"Missouri","Taney",2004,121,93,27,1,0,0,0,107,58,34,0,0,0,0,121,0
"Montana","Big Horn",2004,62,54,8,0,0,0,0,67,52,25,0,0,0,0,0,62
"Montana","Cascade",2004,366,333,32,1,0,0,0,101,47,16,147,0,0,155,64,0
"Montana","Fergus",2004,119,118,1,0,0,0,0,75,20,10,0,0,0,0,119,0
"Montana","Flathead",2004,366,309,56,0,1,0,0,152,55,38,29,0,198,0,64,75
"Montana","Gallatin",2004,366,344,21,0,1,0,0,155,41,22,4,0,0,0,346,16
"Montana","Glacier",2004,66,66,0,0,0,0,0,36,23,14,0,0,0,0,0,66
"Montana","Lake",2004,364,321,42,1,0,0,0,120,53,19,0,0,0,0,110,254
"Montana","Lewis and Clark",2004,311,292,17,2,0,0,0,132,39,17,0,0,0,0,90,221
"Montana","Lincoln",2004,362,297,61,4,0,0,0,114,65,28,0,0,0,0,111,251
"Montana","McCone",2004,79,79,0,0,0,0,0,34,17,8,0,0,0,0,0,79
"Montana","Missoula",2004,251,217,29,3,2,0,0,157,57,24,59,0,0,0,116,76
"Montana","Powell",2004,114,114,0,0,0,0,0,49,22,8,0,0,0,0,114,0
"Montana","Ravalli",2004,223,205,13,4,1,0,0,155,46,17,0,0,0,0,95,128
"Montana","Roosevelt",2004,110,108,2,0,0,0,0,75,32,12,0,0,0,0,110,0
"Montana","Rosebud",2004,364,354,10,0,0,0,0,79,32,18,0,48,0,29,89,198
"Montana","Sanders",2004,122,110,12,0,0,0,0,70,48,22,0,0,0,0,109,13
"Montana","Sheridan",2004,119,116,3,0,0,0,0,72,29,12,0,0,0,0,119,0
"Montana","Silver Bow",2004,366,346,18,2,0,0,0,120,41,19,126,0,0,0,83,157
"Montana","Sweet Grass",2004,87,87,0,0,0,0,0,30,11,5,0,0,0,0,0,87
"Montana","Yellowstone",2004,366,146,199,20,0,1,0,202,92,56,2,0,0,348,16,0
"Nebraska","Cass",2004,365,320,45,0,0,0,0,100,52,27,0,0,0,0,79,286
"Nebraska","Dawson",2004,61,50,11,0,0,0,0,95,54,33,0,0,0,0,0,61
"Nebraska","Douglas",2004,366,222,136,8,0,0,0,142,73,46,3,0,140,17,172,34
"Nebraska","Garden",2004,115,115,0,0,0,0,0,45,27,15,0,0,0,0,115,0
"Nebraska","Hall",2004,106,86,20,0,0,0,0,80,59,31,0,0,0,0,106,0
"Nebraska","Lancaster",2004,366,342,23,1,0,0,0,103,48,31,109,0,187,0,70,0
"Nebraska","Lincoln",2004,102,93,9,0,0,0,0,66,44,27,0,0,0,0,102,0
"Nebraska","Sarpy",2004,111,90,21,0,0,0,0,95,55,35,0,0,0,0,111,0
"Nebraska","Scotts Bluff",2004,87,83,4,0,0,0,0,58,43,21,0,0,0,0,87,0
"Nebraska","Thomas",2004,113,109,4,0,0,0,0,58,35,16,0,0,0,0,113,0
"Nebraska","Thurston",2004,105,89,16,0,0,0,0,86,53,28,0,0,0,0,105,0
"Nebraska","Washington",2004,106,89,16,1,0,0,0,105,58,32,0,0,0,0,106,0
"Nevada","Carson City",2004,362,291,70,1,0,0,0,105,61,32,173,0,189,0,0,0
"Nevada","Clark",2004,366,101,218,44,3,0,0,165,105,63,2,11,225,0,102,26
"Nevada","Douglas",2004,349,347,2,0,0,0,0,74,44,22,255,0,94,0,0,0
"Nevada","Elko",2004,359,353,6,0,0,0,0,62,33,17,0,0,0,0,18,341
"Nevada","Mineral",2004,119,115,4,0,0,0,0,78,30,17,0,0,0,0,119,0
"Nevada","Nye",2004,366,302,60,4,0,0,0,149,56,32,0,0,0,0,0,366
"Nevada","Washoe",2004,366,244,116,6,0,0,0,126,74,45,18,0,313,0,24,11
"Nevada","White Pine",2004,351,273,72,6,0,0,0,140,67,44,0,0,350,0,1,0
"New Hampshire","Belknap",2004,213,182,28,3,0,0,0,143,54,37,0,0,175,0,38,0
"New Hampshire","Cheshire",2004,255,230,22,3,0,0,0,136,50,34,0,0,163,50,42,0
"New Hampshire","Coos",2004,246,154,81,8,3,0,0,159,80,46,0,0,163,0,83,0
"New Hampshire","Grafton",2004,364,343,17,4,0,0,0,147,46,34,0,0,344,0,20,0
"New Hampshire","Hillsborough",2004,366,278,77,8,3,0,0,179,71,38,5,94,163,44,59,1
"New Hampshire","Merrimack",2004,356,207,96,52,1,0,0,166,109,45,0,0,90,208,58,0
"New Hampshire","Rockingham",2004,366,292,66,7,1,0,0,182,61,38,0,61,169,80,55,1
"New Hampshire","Sullivan",2004,212,179,27,5,1,0,0,174,63,37,0,0,173,0,39,0
"New Jersey","Atlantic",2004,345,280,60,5,0,0,0,133,64,36,0,0,268,7,69,1
"New Jersey","Bergen",2004,366,270,84,10,2,0,0,156,72,41,0,169,133,8,55,1
"New Jersey","Burlington",2004,365,364,1,0,0,0,0,55,27,11,147,0,0,218,0,0
"New Jersey","Camden",2004,366,230,110,21,5,0,0,195,97,44,1,80,202,22,61,0
"New Jersey","Cumberland",2004,366,288,64,13,1,0,0,159,82,35,0,0,336,30,0,0
"New Jersey","Essex",2004,354,263,86,5,0,0,0,114,68,40,0,278,0,0,76,0
"New Jersey","Gloucester",2004,365,267,78,17,3,0,0,177,80,40,0,0,268,38,59,0
"New Jersey","Hudson",2004,366,241,115,9,1,0,0,156,75,44,1,137,81,88,58,1
"New Jersey","Hunterdon",2004,361,289,52,16,4,0,0,182,80,35,0,0,361,0,0,0
"New Jersey","Mercer",2004,366,269,79,15,3,0,0,169,84,41,0,89,223,0,54,0
"New Jersey","Middlesex",2004,366,261,92,11,2,0,0,185,80,42,1,103,194,9,59,0
"New Jersey","Monmouth",2004,366,315,41,8,2,0,0,185,67,28,150,0,216,0,0,0
"New Jersey","Morris",2004,364,283,72,9,0,0,0,136,71,38,2,44,232,20,66,0
"New Jersey","Ocean",2004,267,175,62,24,6,0,0,192,108,44,0,0,208,0,59,0
"New Jersey","Passaic",2004,259,182,67,8,2,0,0,174,74,39,0,0,176,0,83,0
"New Jersey","Union",2004,366,150,200,15,1,0,0,151,83,54,0,108,0,16,242,0
"New Jersey","Warren",2004,110,67,41,2,0,0,0,105,77,41,0,0,0,0,110,0
"New Mexico","Bernalillo",2004,366,140,207,18,1,0,0,158,84,58,0,20,222,0,45,79
"New Mexico","Catron",2004,112,111,1,0,0,0,0,55,20,10,0,0,0,0,112,0
"New Mexico","Chaves",2004,120,106,14,0,0,0,0,71,53,29,0,0,0,0,119,1
"New Mexico","Dona Ana",2004,366,130,199,30,4,2,1,1006,101,58,1,11,187,0,32,135
"New Mexico","Eddy",2004,365,298,67,0,0,0,0,93,61,41,0,17,323,6,19,0
"New Mexico","Grant",2004,360,358,2,0,0,0,0,60,25,1,0,0,0,241,97,22
"New Mexico","Lea",2004,199,187,12,0,0,0,0,77,48,34,0,22,93,0,79,5
"New Mexico","Lincoln",2004,118,118,0,0,0,0,0,34,24,10,0,0,0,0,118,0
"New Mexico","Los Alamos",2004,117,117,0,0,0,0,0,32,19,10,0,0,0,0,117,0
"New Mexico","Luna",2004,60,58,2,0,0,0,0,67,28,14,0,0,0,0,0,60
"New Mexico","Rio Arriba",2004,110,110,0,0,0,0,0,25,17,9,0,0,0,0,110,0
"New Mexico","San Juan",2004,365,241,119,5,0,0,0,119,74,46,0,26,292,28,19,0
"New Mexico","Sandoval",2004,366,161,194,11,0,0,0,122,87,56,0,13,232,0,15,106
"New Mexico","Santa Fe",2004,366,365,1,0,0,0,0,64,26,16,53,0,0,0,313,0
"New Mexico","Socorro",2004,120,119,1,0,0,0,0,54,22,11,0,0,0,0,120,0
"New Mexico","Taos",2004,355,353,2,0,0,0,0,53,30,15,0,0,0,0,333,22
"New York","Albany",2004,366,300,61,4,1,0,0,154,64,34,1,0,262,30,73,0
"New York","Bronx",2004,366,154,200,11,1,0,0,154,82,54,0,83,32,42,209,0
"New York","Chautauqua",2004,366,229,102,31,4,0,0,161,100,43,0,0,227,107,32,0
"New York","Chemung",2004,362,338,22,2,0,0,0,101,47,34,0,0,330,32,0,0
"New York","Dutchess",2004,355,336,15,3,1,0,0,185,46,31,0,0,355,0,0,0
"New York","Erie",2004,366,189,107,69,1,0,0,157,113,49,0,69,111,144,42,0
"New York","Essex",2004,366,289,66,11,0,0,0,136,67,42,0,0,328,0,37,1
"New York","Franklin",2004,366,365,1,0,0,0,0,71,32,11,0,0,90,44,0,232
"New York","Hamilton",2004,364,325,37,2,0,0,0,140,51,37,0,0,353,11,0,0
"New York","Herkimer",2004,366,345,20,1,0,0,0,115,46,32,0,0,356,7,0,3
"New York","Jefferson",2004,216,182,30,4,0,0,0,150,74,38,0,0,216,0,0,0
"New York","Kings",2004,365,311,51,3,0,0,0,133,59,16,248,0,0,0,112,5
"New York","Madison",2004,366,335,28,3,0,0,0,115,48,32,0,0,340,26,0,0
"New York","Monroe",2004,353,301,49,3,0,0,0,106,55,34,7,0,181,101,64,0
"New York","Nassau",2004,359,303,54,2,0,0,0,109,57,32,0,188,0,78,93,0
"New York","New York",2004,366,226,134,6,0,0,0,131,75,44,47,150,0,74,95,0
"New York","Niagara",2004,366,301,55,10,0,0,0,140,64,33,20,0,185,84,75,2
"New York","Oneida",2004,224,204,17,3,0,0,0,133,50,34,0,0,224,0,0,0
"New York","Onondaga",2004,366,331,34,1,0,0,0,102,49,28,47,0,252,30,37,0
"New York","Orange",2004,267,195,63,7,2,0,0,185,71,40,0,0,187,0,80,0
"New York","Oswego",2004,191,160,26,5,0,0,0,143,71,38,0,0,191,0,0,0
"New York","Putnam",2004,364,316,40,7,1,0,0,192,59,30,0,0,218,146,0,0
"New York","Queens",2004,366,201,154,11,0,0,0,143,76,48,0,144,42,5,175,0
"New York","Rensselaer",2004,362,315,34,11,2,0,0,190,58,38,0,0,353,9,0,0
"New York","Richmond",2004,264,174,76,12,1,1,0,201,84,42,0,0,181,0,83,0
"New York","Saratoga",2004,363,321,33,7,2,0,0,177,54,36,0,0,363,0,0,0
"New York","Schenectady",2004,366,348,15,3,0,0,0,136,44,29,15,0,317,34,0,0
"New York","St. Lawrence",2004,114,94,19,1,0,0,0,101,59,22,0,0,0,0,114,0
"New York","Steuben",2004,335,248,83,4,0,0,0,123,63,29,0,0,0,0,335,0
"New York","Suffolk",2004,366,258,92,13,3,0,0,161,79,42,0,12,250,62,42,0
"New York","Tompkins",2004,352,302,48,2,0,0,0,108,55,36,0,0,305,0,47,0
"New York","Ulster",2004,366,321,37,8,0,0,0,143,54,37,0,0,358,6,0,2
"New York","Wayne",2004,212,191,19,2,0,0,0,108,50,34,0,0,212,0,0,0
"New York","Westchester",2004,350,298,44,8,0,0,0,129,63,29,0,0,275,0,75,0
"North Carolina","Alamance",2004,116,52,63,1,0,0,0,110,73,53,0,0,0,0,116,0
"North Carolina","Alexander",2004,214,174,36,4,0,0,0,122,71,42,0,0,214,0,0,0
"North Carolina","Avery",2004,364,268,93,3,0,0,0,112,74,43,0,0,326,0,38,0
"North Carolina","Beaufort",2004,329,284,34,11,0,0,0,122,74,6,0,0,0,329,0,0
"North Carolina","Buncombe",2004,357,187,166,4,0,0,0,133,74,49,0,0,82,0,275,0
"North Carolina","Cabarrus",2004,121,53,67,1,0,0,0,105,79,53,0,0,0,0,121,0
"North Carolina","Caldwell",2004,208,166,39,3,0,0,0,112,67,41,0,0,208,0,0,0
"North Carolina","Camden",2004,209,158,46,5,0,0,0,126,74,43,0,0,209,0,0,0
"North Carolina","Carteret",2004,365,323,39,3,0,0,0,143,51,37,0,0,365,0,0,0
"North Carolina","Caswell",2004,262,171,85,6,0,0,0,129,77,43,0,0,168,0,94,0
"North Carolina","Catawba",2004,131,50,78,3,0,0,0,114,79,56,0,0,0,0,129,2
"North Carolina","Chatham",2004,263,178,84,1,0,0,0,112,71,42,0,0,160,0,103,0
"North Carolina","Cumberland",2004,366,250,105,11,0,0,0,147,84,39,101,0,170,0,95,0
"North Carolina","Davidson",2004,128,37,89,2,0,0,0,125,83,58,0,0,0,0,128,0
"North Carolina","Davie",2004,206,140,56,10,0,0,0,136,93,44,0,0,206,0,0,0
"North Carolina","Duplin",2004,113,61,52,0,0,0,0,99,65,48,0,0,0,0,113,0
"North Carolina","Durham",2004,360,162,191,7,0,0,0,136,78,53,0,0,78,0,281,1
"North Carolina","Edgecombe",2004,353,266,81,6,0,0,0,122,74,36,0,0,173,89,91,0
"North Carolina","Forsyth",2004,366,125,215,26,0,0,0,136,93,57,0,24,78,41,221,2
"North Carolina","Franklin",2004,214,146,55,13,0,0,0,129,90,43,0,0,214,0,0,0
"North Carolina","Gaston",2004,121,53,68,0,0,0,0,96,75,53,0,0,0,0,121,0
"North Carolina","Graham",2004,214,140,67,7,0,0,0,150,80,46,0,0,214,0,0,0
"North Carolina","Granville",2004,214,131,64,19,0,0,0,147,100,46,0,0,214,0,0,0
"North Carolina","Guilford",2004,366,152,206,8,0,0,0,122,80,53,13,0,50,0,303,0
"North Carolina","Haywood",2004,265,143,114,8,0,0,0,133,84,49,0,0,177,0,88,0
"North Carolina","Henderson",2004,58,58,0,0,0,0,0,34,25,17,0,0,0,0,0,58
"North Carolina","Jackson",2004,251,168,80,3,0,0,0,115,71,44,0,0,159,0,92,0
"North Carolina","Johnston",2004,213,155,48,10,0,0,0,122,84,41,0,0,213,0,0,0
"North Carolina","Lenoir",2004,253,177,73,3,0,0,0,126,74,41,0,0,155,0,98,0
"North Carolina","Lincoln",2004,211,144,56,11,0,0,0,119,84,44,0,0,211,0,0,0
"North Carolina","Macon",2004,354,327,26,1,0,0,0,105,49,33,0,0,354,0,0,0
"North Carolina","Martin",2004,252,180,67,5,0,0,0,126,77,43,0,0,166,0,86,0
"North Carolina","McDowell",2004,116,51,63,2,0,0,0,103,76,53,0,0,0,0,116,0
"North Carolina","Mecklenburg",2004,366,107,225,31,2,1,0,202,100,60,0,17,98,16,235,0
"North Carolina","Mitchell",2004,121,65,56,0,0,0,0,95,72,48,0,0,0,0,121,0
"North Carolina","Montgomery",2004,350,258,88,4,0,0,0,136,74,39,0,0,277,0,73,0
"North Carolina","New Hanover",2004,364,248,108,7,1,0,0,180,74,39,26,0,140,134,64,0
"North Carolina","Onslow",2004,117,71,46,0,0,0,0,82,67,44,0,0,0,0,110,7
"North Carolina","Orange",2004,120,57,62,1,0,0,0,104,75,51,0,0,0,0,120,0
"North Carolina","Person",2004,362,273,75,14,0,0,0,129,77,35,0,0,186,176,0,0
"North Carolina","Pitt",2004,260,174,79,7,0,0,0,129,77,43,0,0,167,0,93,0
"North Carolina","Randolph",2004,214,149,52,13,0,0,0,150,84,43,0,0,214,0,0,0
"North Carolina","Robeson",2004,120,63,56,1,0,0,0,111,69,49,0,0,0,0,120,0
"North Carolina","Rockingham",2004,210,152,51,7,0,0,0,126,84,44,0,0,210,0,0,0
"North Carolina","Rowan",2004,213,126,64,21,2,0,0,177,101,47,0,0,213,0,0,0
"North Carolina","Swain",2004,361,295,66,0,0,0,0,100,59,34,0,0,158,102,100,1
"North Carolina","Union",2004,214,151,50,13,0,0,0,133,90,41,0,0,214,0,0,0
"North Carolina","Wake",2004,366,161,187,18,0,0,0,150,88,54,11,0,114,1,240,0
"North Carolina","Watauga",2004,118,69,49,0,0,0,0,93,72,43,0,0,0,0,118,0
"North Carolina","Wayne",2004,122,63,58,1,0,0,0,111,69,48,0,0,0,0,120,2
"North Carolina","Yancey",2004,204,155,46,3,0,0,0,108,74,44,0,0,204,0,0,0
"North Dakota","Billings",2004,263,256,7,0,0,0,0,72,44,29,0,0,204,0,59,0
"North Dakota","Burke",2004,366,328,36,2,0,0,0,104,51,34,0,2,288,48,21,7
"North Dakota","Burleigh",2004,121,114,7,0,0,0,0,69,43,23,0,0,0,0,118,3
"North Dakota","Cass",2004,366,342,24,0,0,0,0,87,48,34,0,19,280,0,45,22
"North Dakota","Dunn",2004,366,366,0,0,0,0,0,50,41,31,0,1,354,5,0,6
"North Dakota","McKenzie",2004,366,349,16,1,0,0,0,141,47,35,0,0,354,6,6,0
"North Dakota","McLean",2004,278,277,1,0,0,0,0,52,13,4,0,0,0,245,0,33
"North Dakota","Mercer",2004,366,352,12,2,0,0,0,109,44,34,0,2,303,53,8,0
"North Dakota","Morton",2004,366,248,92,26,0,0,0,138,95,34,0,0,0,366,0,0
"North Dakota","Oliver",2004,366,344,19,3,0,0,0,106,44,31,0,3,299,64,0,0
"North Dakota","Williams",2004,365,324,36,4,1,0,0,200,52,16,0,0,0,365,0,0
"Ohio","Adams",2004,366,283,75,7,1,0,0,152,67,23,0,0,0,366,0,0
"Ohio","Allen",2004,366,314,47,5,0,0,0,129,61,31,0,0,210,133,0,23
"Ohio","Ashtabula",2004,363,308,39,14,2,0,0,156,71,33,0,0,204,159,0,0
"Ohio","Athens",2004,67,38,28,1,0,0,0,124,75,43,0,0,0,0,66,1
"Ohio","Belmont",2004,360,241,85,34,0,0,0,137,100,34,0,0,0,359,0,1
"Ohio","Butler",2004,366,183,161,21,1,0,0,161,89,51,0,0,180,114,72,0
"Ohio","Clark",2004,366,241,110,14,1,0,0,156,77,44,0,0,176,112,78,0
"Ohio","Clermont",2004,358,252,86,19,1,0,0,188,80,40,0,0,169,189,0,0
"Ohio","Clinton",2004,214,145,54,14,1,0,0,154,93,45,0,0,214,0,0,0
"Ohio","Columbiana",2004,364,252,81,29,2,0,0,156,94,26,0,0,0,318,0,46
"Ohio","Crawford",2004,360,310,43,7,0,0,0,147,61,34,0,0,360,0,0,0
"Ohio","Cuyahoga",2004,366,102,233,29,2,0,0,152,97,62,7,20,20,53,263,3
"Ohio","Delaware",2004,214,158,43,13,0,0,0,129,84,44,0,0,214,0,0,0
"Ohio","Fayette",2004,349,286,55,8,0,0,0,136,64,35,0,0,349,0,0,0
"Ohio","Franklin",2004,366,118,223,24,1,0,0,151,90,58,0,0,89,9,261,7
"Ohio","Gallia",2004,364,299,53,12,0,0,0,145,61,19,0,0,0,341,23,0
"Ohio","Geauga",2004,213,159,42,11,1,0,0,154,90,43,0,0,213,0,0,0
"Ohio","Greene",2004,257,171,73,13,0,0,0,147,84,44,0,0,184,0,69,4
"Ohio","Hamilton",2004,366,96,208,60,2,0,0,166,111,65,0,31,63,99,173,0
"Ohio","Hancock",2004,54,54,0,0,0,0,0,39,29,23,0,0,0,0,0,54
"Ohio","Jefferson",2004,366,171,136,53,6,0,0,200,110,53,8,0,95,175,84,4
"Ohio","Knox",2004,208,163,36,9,0,0,0,143,84,43,0,0,208,0,0,0
"Ohio","Lake",2004,366,197,113,56,0,0,0,149,107,47,4,0,108,196,58,0
"Ohio","Lawrence",2004,366,262,103,1,0,0,0,108,66,37,0,0,137,130,99,0
"Ohio","Licking",2004,238,166,58,14,0,0,0,122,84,43,0,0,212,0,0,26
"Ohio","Lorain",2004,331,227,95,9,0,0,0,143,75,38,0,0,143,90,98,0
"Ohio","Lucas",2004,366,224,123,18,1,0,0,161,89,44,0,0,133,94,86,53
"Ohio","Madison",2004,214,150,52,12,0,0,0,129,87,44,0,0,214,0,0,0
"Ohio","Mahoning",2004,366,150,200,15,1,0,0,151,90,54,0,0,71,21,274,0
"Ohio","Medina",2004,208,162,38,8,0,0,0,150,84,42,0,0,208,0,0,0
"Ohio","Meigs",2004,355,297,46,12,0,0,0,134,61,16,0,0,0,355,0,0
"Ohio","Miami",2004,213,148,57,8,0,0,0,133,77,44,0,0,213,0,0,0
"Ohio","Monroe",2004,5,5,0,0,0,0,0,19,19,14,0,0,0,0,0,5
"Ohio","Montgomery",2004,366,261,102,3,0,0,0,117,70,38,100,0,153,1,112,0
"Ohio","Morgan",2004,348,261,46,31,10,0,0,200,106,24,0,0,0,348,0,0
"Ohio","Noble",2004,357,279,72,6,0,0,0,132,64,37,0,0,300,0,57,0
"Ohio","Portage",2004,260,159,84,16,1,0,0,151,92,45,0,0,178,0,82,0
"Ohio","Preble",2004,260,177,82,1,0,0,0,105,64,44,0,0,164,0,96,0
"Ohio","Scioto",2004,365,287,75,3,0,0,0,128,61,27,0,0,0,241,105,19
"Ohio","Seneca",2004,177,176,1,0,0,0,0,52,28,16,0,0,0,0,0,177
"Ohio","Stark",2004,366,242,108,15,1,0,0,151,83,42,52,0,162,30,92,30
"Ohio","Summit",2004,366,117,183,61,5,0,0,163,111,62,0,0,51,123,192,0
"Ohio","Trumbull",2004,360,174,162,22,2,0,0,159,92,51,0,0,125,0,232,3
"Ohio","Tuscarawas",2004,354,283,66,5,0,0,0,127,60,29,0,0,0,354,0,0
"Ohio","Warren",2004,213,137,55,20,1,0,0,154,100,46,0,0,213,0,0,0
"Ohio","Washington",2004,237,177,52,8,0,0,0,129,80,43,0,0,210,0,0,27
"Ohio","Wood",2004,214,167,41,6,0,0,0,129,67,42,0,0,214,0,0,0
"Ohio","Wyandot",2004,171,167,4,0,0,0,0,70,40,22,0,0,0,0,0,171
"Oklahoma","Adair",2004,356,266,83,7,0,0,0,133,71,41,0,0,334,0,22,0
"Oklahoma","Caddo",2004,58,41,17,0,0,0,0,93,64,35,0,0,0,0,58,0
"Oklahoma","Canadian",2004,366,308,54,4,0,0,0,122,71,36,0,0,344,0,22,0
"Oklahoma","Carter",2004,281,206,67,8,0,0,0,133,71,42,0,0,218,0,63,0
"Oklahoma","Cherokee",2004,366,283,71,12,0,0,0,122,70,40,1,70,223,33,32,7
"Oklahoma","Cleveland",2004,361,299,59,3,0,0,0,140,64,35,0,0,361,0,0,0
"Oklahoma","Comanche",2004,362,269,81,11,1,0,0,151,74,39,1,0,323,0,38,0
"Oklahoma","Cotton",2004,242,175,61,5,1,0,0,151,74,42,0,0,242,0,0,0
"Oklahoma","Creek",2004,365,298,63,4,0,0,0,112,64,37,0,0,365,0,0,0
"Oklahoma","Custer",2004,58,58,0,0,0,0,0,38,29,17,0,0,0,0,0,58
"Oklahoma","Dewey",2004,366,301,64,1,0,0,0,105,61,40,0,0,366,0,0,0
"Oklahoma","Ellis",2004,117,108,9,0,0,0,0,65,50,25,0,0,0,0,117,0
"Oklahoma","Garfield",2004,122,90,32,0,0,0,0,92,61,35,0,0,0,0,122,0
"Oklahoma","Johnston",2004,258,206,48,3,1,0,0,169,71,41,0,0,258,0,0,0
"Oklahoma","Kay",2004,366,229,114,23,0,0,0,147,86,46,0,12,203,67,48,36
"Oklahoma","Lincoln",2004,61,45,16,0,0,0,0,82,62,38,0,0,0,0,61,0
"Oklahoma","Mayes",2004,344,270,70,4,0,0,0,129,64,42,0,12,204,19,74,35
"Oklahoma","McClain",2004,361,328,32,1,0,0,0,133,50,33,0,0,361,0,0,0
"Oklahoma","Muskogee",2004,363,297,61,5,0,0,0,125,58,27,0,0,0,71,102,190
"Oklahoma","Oklahoma",2004,366,229,125,12,0,0,0,133,77,45,0,34,202,0,130,0
"Oklahoma","Osage",2004,364,319,41,4,0,0,0,114,54,21,0,0,0,364,0,0
"Oklahoma","Ottawa",2004,365,287,70,7,1,0,0,169,67,41,0,28,246,1,28,62
"Oklahoma","Pittsburg",2004,364,289,72,3,0,0,0,105,64,39,0,0,303,0,61,0
"Oklahoma","Seminole",2004,57,34,23,0,0,0,0,79,68,41,0,0,0,0,57,0
"Oklahoma","Sequoyah",2004,35,27,8,0,0,0,0,74,56,37,0,0,0,0,35,0
"Oklahoma","Tulsa",2004,366,139,200,27,0,0,0,136,94,55,0,0,120,137,109,0
"Oregon","Benton",2004,355,309,46,0,0,0,0,97,53,18,0,0,0,0,355,0
"Oregon","Clackamas",2004,359,300,56,3,0,0,0,147,59,31,0,0,129,0,230,0
"Oregon","Columbia",2004,260,215,45,0,0,0,0,90,59,31,0,0,121,0,139,0
"Oregon","Deschutes",2004,353,322,31,0,0,0,0,76,47,20,16,0,0,0,330,7
"Oregon","Harney",2004,364,270,91,2,1,0,0,154,67,25,0,0,0,0,358,6
"Oregon","Jackson",2004,366,231,125,10,0,0,0,119,81,43,8,0,146,0,207,5
"Oregon","Josephine",2004,366,273,92,1,0,0,0,107,63,28,9,0,0,0,357,0
"Oregon","Klamath",2004,366,276,69,18,3,0,0,159,87,28,2,0,0,0,361,3
"Oregon","Lake",2004,366,310,56,0,0,0,0,96,60,20,0,0,0,0,354,12
"Oregon","Lane",2004,366,207,135,22,2,0,0,159,90,46,1,0,123,0,242,0
"Oregon","Lincoln",2004,139,138,1,0,0,0,0,71,9,4,0,0,0,139,0,0
"Oregon","Linn",2004,265,197,61,7,0,0,0,125,67,28,0,0,0,0,265,0
"Oregon","Marion",2004,366,304,60,2,0,0,0,115,62,31,43,0,135,0,188,0
"Oregon","Multnomah",2004,366,263,95,6,2,0,0,166,73,39,6,5,79,0,273,3
"Oregon","Umatilla",2004,358,268,83,6,1,0,0,152,74,26,0,0,0,0,351,7
"Oregon","Union",2004,365,302,62,1,0,0,0,104,56,25,0,0,0,0,346,19
"Oregon","Wallowa",2004,121,118,3,0,0,0,0,56,30,12,0,0,0,0,121,0
"Oregon","Wasco",2004,245,206,36,3,0,0,0,124,59,23,0,0,0,0,245,0
"Oregon","Washington",2004,303,234,61,7,1,0,0,160,77,31,0,0,0,0,303,0
"Pennsylvania","Adams",2004,366,171,172,23,0,0,0,129,90,52,0,0,168,0,198,0
"Pennsylvania","Allegheny",2004,366,81,201,67,17,0,0,171,119,69,0,9,31,115,209,2
"Pennsylvania","Armstrong",2004,214,152,44,18,0,0,0,150,97,44,0,0,214,0,0,0
"Pennsylvania","Beaver",2004,366,112,172,70,12,0,0,200,114,69,0,13,57,256,39,1
"Pennsylvania","Berks",2004,366,234,114,17,1,0,0,151,84,42,0,109,96,80,78,3
"Pennsylvania","Blair",2004,365,275,81,9,0,0,0,123,69,41,0,84,184,89,0,8
"Pennsylvania","Bucks",2004,366,272,79,13,2,0,0,156,77,39,0,132,145,19,68,2
"Pennsylvania","Cambria",2004,366,232,120,13,1,0,0,177,84,44,1,58,120,90,82,15
"Pennsylvania","Centre",2004,366,186,165,15,0,0,0,146,81,50,0,5,142,7,212,0
"Pennsylvania","Chester",2004,253,131,96,23,3,0,0,174,101,49,0,0,175,0,78,0
"Pennsylvania","Clearfield",2004,212,159,47,6,0,0,0,129,71,42,0,0,212,0,0,0
"Pennsylvania","Cumberland",2004,343,162,170,11,0,0,0,150,83,53,0,0,0,0,343,0
"Pennsylvania","Dauphin",2004,366,149,197,19,1,0,0,151,89,56,0,33,70,14,247,2
"Pennsylvania","Delaware",2004,366,237,112,15,2,0,0,161,84,45,0,116,125,33,81,11
"Pennsylvania","Elk",2004,354,309,39,6,0,0,0,122,58,34,0,0,354,0,0,0
"Pennsylvania","Erie",2004,366,190,162,14,0,0,0,143,86,49,0,20,96,58,192,0
"Pennsylvania","Franklin",2004,197,144,49,4,0,0,0,119,80,44,0,0,197,0,0,0
"Pennsylvania","Greene",2004,215,157,47,11,0,0,0,140,74,44,1,0,168,46,0,0
"Pennsylvania","Indiana",2004,61,42,12,7,0,0,0,123,101,33,0,10,0,51,0,0
"Pennsylvania","Lackawanna",2004,366,224,135,7,0,0,0,133,75,43,0,45,96,2,222,1
"Pennsylvania","Lancaster",2004,366,228,120,17,1,0,0,182,87,44,0,87,144,39,87,9
"Pennsylvania","Lawrence",2004,365,260,94,11,0,0,0,139,81,39,1,90,120,134,0,20
"Pennsylvania","Lehigh",2004,366,170,174,19,3,0,0,174,90,52,0,25,87,38,216,0
"Pennsylvania","Luzerne",2004,365,212,143,10,0,0,0,136,75,44,0,31,87,11,236,0
"Pennsylvania","Lycoming",2004,362,302,53,7,0,0,0,143,64,32,0,0,203,150,0,9
"Pennsylvania","Mercer",2004,366,191,160,14,1,0,0,151,87,49,0,0,137,19,210,0
"Pennsylvania","Montgomery",2004,365,270,83,12,0,0,0,150,76,39,0,121,164,14,65,1
"Pennsylvania","Northampton",2004,366,144,190,28,4,0,0,200,99,56,0,13,94,78,162,19
"Pennsylvania","Perry",2004,366,278,86,2,0,0,0,108,66,34,0,61,145,60,100,0
"Pennsylvania","Philadelphia",2004,366,134,200,24,8,0,0,172,97,55,0,63,99,15,189,0
"Pennsylvania","Schuylkill",2004,365,344,18,3,0,0,0,118,43,20,4,0,0,361,0,0
"Pennsylvania","Somerset",2004,359,335,23,1,0,0,0,119,47,32,0,0,359,0,0,0
"Pennsylvania","Tioga",2004,205,160,40,5,0,0,0,136,67,42,0,0,205,0,0,0
"Pennsylvania","Warren",2004,365,253,74,34,4,0,0,200,101,26,0,0,0,365,0,0
"Pennsylvania","Washington",2004,366,112,213,40,1,0,0,157,102,59,0,5,54,162,145,0
"Pennsylvania","Westmoreland",2004,366,229,128,8,1,0,0,154,77,44,0,54,128,80,91,13
"Pennsylvania","York",2004,366,214,130,20,2,0,0,152,90,46,0,109,134,42,79,2
"Puerto Rico","Barceloneta",2004,342,336,6,0,0,0,0,61,21,7,0,0,0,293,0,49
"Puerto Rico","Bayamon",2004,359,353,6,0,0,0,0,61,28,11,0,0,0,261,79,19
"Puerto Rico","Carolina",2004,53,49,4,0,0,0,0,61,31,17,0,0,0,0,0,53
"Puerto Rico","Catano",2004,363,316,47,0,0,0,0,71,53,24,0,8,12,77,0,266
"Puerto Rico","Fajardo",2004,344,331,13,0,0,0,0,64,38,19,0,0,0,0,88,256
"Puerto Rico","Guayama",2004,347,335,11,1,0,0,0,103,31,7,0,0,0,232,50,65
"Puerto Rico","Guayanilla",2004,96,92,4,0,0,0,0,59,42,20,0,0,0,0,96,0
"Puerto Rico","Guaynabo",2004,358,310,48,0,0,0,0,99,53,32,0,0,0,0,186,172
"Puerto Rico","Humacao",2004,108,103,5,0,0,0,0,61,34,16,0,0,0,0,80,28
"Puerto Rico","Lares",2004,73,69,4,0,0,0,0,65,43,20,0,0,0,0,73,0
"Puerto Rico","Manati",2004,60,56,4,0,0,0,0,60,35,16,0,0,0,0,0,60
"Puerto Rico","Mayagnez",2004,100,94,6,0,0,0,0,61,45,25,0,0,0,0,100,0
"Puerto Rico","Ponce",2004,112,95,17,0,0,0,0,68,55,29,0,0,0,0,62,50
"Puerto Rico","Rio Grande",2004,53,49,4,0,0,0,0,57,26,13,0,0,0,0,0,53
"Puerto Rico","Salinas",2004,338,234,86,18,0,0,0,127,86,31,0,0,0,338,0,0
"Puerto Rico","San Juan",2004,366,333,33,0,0,0,0,72,49,32,181,5,0,0,107,73
"Rhode Island","Kent",2004,232,188,34,8,2,0,0,195,77,37,0,2,169,0,52,9
"Rhode Island","Providence",2004,366,234,122,8,2,0,0,172,74,44,0,38,94,40,193,1
"Rhode Island","Washington",2004,180,134,41,1,3,1,0,205,80,41,0,0,180,0,0,0
"South Carolina","Abbeville",2004,220,159,53,8,0,0,0,150,80,42,0,0,220,0,0,0
"South Carolina","Aiken",2004,364,273,73,18,0,0,0,147,80,33,0,119,194,0,46,5
"South Carolina","Anderson",2004,216,143,60,13,0,0,0,140,93,45,0,0,216,0,0,0
"South Carolina","Barnwell",2004,365,292,65,8,0,0,0,129,67,35,0,4,355,6,0,0
"South Carolina","Beaufort",2004,99,59,39,1,0,0,0,101,68,42,0,0,0,0,99,0
"South Carolina","Berkeley",2004,364,299,59,6,0,0,0,133,61,34,0,0,328,0,36,0
"South Carolina","Charleston",2004,366,189,170,6,1,0,0,151,75,50,0,5,103,7,251,0
"South Carolina","Cherokee",2004,362,325,35,2,0,0,0,115,51,34,0,0,362,0,0,0
"South Carolina","Chester",2004,228,166,60,2,0,0,0,136,80,43,0,0,228,0,0,0
"South Carolina","Chesterfield",2004,359,254,95,9,1,0,0,154,77,40,0,0,285,0,73,1
"South Carolina","Colleton",2004,231,187,40,4,0,0,0,112,61,38,0,0,231,0,0,0
"South Carolina","Darlington",2004,361,284,67,9,1,0,0,151,71,37,0,0,361,0,0,0
"South Carolina","Edgefield",2004,363,273,84,5,1,0,0,154,70,38,0,0,286,0,77,0
"South Carolina","Florence",2004,112,56,56,0,0,0,0,94,69,51,0,0,0,0,112,0
"South Carolina","Georgetown",2004,364,261,100,3,0,0,0,112,65,38,0,0,0,37,92,235
"South Carolina","Greenville",2004,366,133,229,4,0,0,0,108,78,55,0,36,0,1,325,4
"South Carolina","Greenwood",2004,115,55,59,1,0,0,0,101,71,51,0,0,0,0,115,0
"South Carolina","Horry",2004,118,66,52,0,0,0,0,91,66,48,0,0,0,0,118,0
"South Carolina","Lexington",2004,366,211,144,11,0,0,0,123,71,44,0,0,0,85,84,197
"South Carolina","Oconee",2004,364,277,80,7,0,0,0,147,71,40,0,0,312,10,42,0
"South Carolina","Orangeburg",2004,308,248,56,4,0,0,0,115,67,35,0,30,233,24,21,0
"South Carolina","Pickens",2004,232,151,71,10,0,0,0,133,84,44,0,0,232,0,0,0
"South Carolina","Richland",2004,366,134,198,31,3,0,0,182,97,56,0,7,153,13,180,13
"South Carolina","Spartanburg",2004,359,145,191,21,2,0,0,156,87,54,0,0,119,0,239,1
"South Carolina","Union",2004,237,162,70,5,0,0,0,115,84,43,0,0,237,0,0,0
"South Carolina","Williamsburg",2004,221,182,38,1,0,0,0,112,61,37,0,0,221,0,0,0
"South Carolina","York",2004,251,185,62,4,0,0,0,147,77,39,0,0,233,0,0,18
"South Dakota","Brookings",2004,131,104,27,0,0,0,0,89,57,34,0,0,0,0,107,24
"South Dakota","Brown",2004,123,106,17,0,0,0,0,85,54,30,0,0,0,0,115,8
"South Dakota","Codington",2004,122,84,37,1,0,0,0,103,59,38,0,0,0,0,112,10
"South Dakota","Custer",2004,122,122,0,0,0,0,0,41,22,13,0,0,0,0,122,0
"South Dakota","Jackson",2004,362,321,41,0,0,0,0,87,51,37,0,0,349,0,13,0
"South Dakota","Meade",2004,124,118,6,0,0,0,0,77,43,24,0,0,0,0,100,24
"South Dakota","Minnehaha",2004,366,328,38,0,0,0,0,100,51,29,0,94,79,9,98,86
"South Dakota","Pennington",2004,366,243,122,1,0,0,0,102,66,44,0,0,96,0,48,222
"Tennessee","Anderson",2004,240,173,64,3,0,0,0,126,74,44,0,0,240,0,0,0
"Tennessee","Blount",2004,366,59,201,97,9,0,0,190,127,79,0,0,131,203,32,0
"Tennessee","Bradley",2004,344,317,22,5,0,0,0,108,47,25,0,196,0,114,0,34
"Tennessee","Claiborne",2004,357,316,40,1,0,0,0,115,54,36,0,0,357,0,0,0
"Tennessee","Coffee",2004,302,240,60,2,0,0,0,115,67,41,0,4,296,2,0,0
"Tennessee","Davidson",2004,366,153,205,8,0,0,0,140,78,53,1,12,67,1,285,0
"Tennessee","DeKalb",2004,350,318,31,1,0,0,0,105,50,35,0,0,350,0,0,0
"Tennessee","Dyer",2004,111,79,32,0,0,0,0,91,62,40,0,0,0,0,111,0
"Tennessee","Hamilton",2004,286,142,130,13,1,0,0,200,90,51,0,0,192,0,94,0
"Tennessee","Hawkins",2004,366,276,57,33,0,0,0,148,95,13,0,0,0,366,0,0
"Tennessee","Jefferson",2004,243,153,77,13,0,0,0,140,84,46,0,0,243,0,0,0
"Tennessee","Knox",2004,366,122,232,11,1,0,0,177,86,59,0,0,107,0,258,1
"Tennessee","Lawrence",2004,281,192,84,5,0,0,0,105,74,43,0,0,206,0,75,0
"Tennessee","Loudon",2004,278,144,121,12,1,0,0,151,87,50,0,0,199,0,79,0
"Tennessee","Madison",2004,63,61,2,0,0,0,0,62,34,17,0,0,0,0,13,50
"Tennessee","Maury",2004,115,70,45,0,0,0,0,91,66,45,0,0,0,0,115,0
"Tennessee","McMinn",2004,355,246,91,18,0,0,0,149,79,29,0,143,0,111,95,6
"Tennessee","Meigs",2004,241,147,86,7,1,0,0,154,84,46,0,0,241,0,0,0
"Tennessee","Montgomery",2004,362,302,58,2,0,0,0,106,56,19,0,0,0,248,112,2
"Tennessee","Obion",2004,60,59,1,0,0,0,0,100,42,29,0,5,52,3,0,0
"Tennessee","Polk",2004,364,345,13,5,1,0,0,171,30,10,0,0,0,364,0,0
"Tennessee","Putnam",2004,111,58,53,0,0,0,0,87,69,49,0,0,0,0,111,0
"Tennessee","Roane",2004,115,56,59,0,0,0,0,91,75,51,0,0,0,0,107,8
"Tennessee","Rutherford",2004,245,186,56,2,1,0,0,156,71,42,0,0,245,0,0,0
"Tennessee","Sevier",2004,361,201,142,17,1,0,0,151,90,48,0,0,361,0,0,0
"Tennessee","Shelby",2004,366,95,246,24,1,0,0,166,93,59,1,7,63,53,242,0
"Tennessee","Sullivan",2004,366,128,140,92,6,0,0,200,119,67,4,27,64,228,43,0
"Tennessee","Sumner",2004,362,234,112,16,0,0,0,147,77,44,0,0,195,85,82,0
"Tennessee","Union",2004,356,269,85,2,0,0,0,131,61,31,0,0,0,0,0,356
"Tennessee","Williamson",2004,233,174,54,5,0,0,0,112,74,42,0,0,233,0,0,0
"Tennessee","Wilson",2004,237,183,50,4,0,0,0,133,77,42,0,0,237,0,0,0
"Texas","Bexar",2004,366,271,72,16,7,0,0,174,84,41,0,61,289,0,0,16
"Texas","Bowie",2004,118,67,51,0,0,0,0,91,68,47,0,0,0,0,118,0
"Texas","Brazoria",2004,364,271,50,27,13,3,0,212,112,34,0,34,330,0,0,0
"Texas","Brewster",2004,362,316,46,0,0,0,0,77,51,42,0,0,346,0,16,0
"Texas","Cameron",2004,366,315,48,2,1,0,0,151,54,35,0,0,194,0,60,112
"Texas","Collin",2004,362,284,53,16,9,0,0,187,87,38,0,0,362,0,0,0
"Texas","Culberson",2004,105,104,1,0,0,0,0,72,32,15,0,0,0,0,105,0
"Texas","Dallas",2004,366,170,158,28,10,0,0,195,101,52,0,30,145,0,190,1
"Texas","Denton",2004,362,284,45,23,10,0,0,200,97,37,0,44,318,0,0,0
"Texas","Ector",2004,124,109,15,0,0,0,0,72,52,30,0,0,0,0,124,0
"Texas","El Paso",2004,366,145,186,29,4,2,0,261,100,54,7,66,151,0,36,106
"Texas","Ellis",2004,366,267,81,13,4,1,0,203,77,38,0,58,252,32,24,0
"Texas","Galveston",2004,366,221,105,32,6,2,0,206,102,44,0,10,245,59,52,0
"Texas","Gregg",2004,365,263,84,16,2,0,0,197,84,40,0,4,272,20,69,0
"Texas","Harris",2004,366,86,207,40,27,6,0,221,147,62,0,40,123,57,133,13
"Texas","Harrison",2004,363,270,84,9,0,0,0,150,71,38,0,3,290,0,70,0
"Texas","Hays",2004,183,138,40,5,0,0,0,129,77,36,0,0,183,0,0,0
"Texas","Hidalgo",2004,366,304,60,1,1,0,0,156,56,36,0,0,245,0,77,44
"Texas","Hood",2004,363,296,54,13,0,0,0,150,71,35,0,0,363,0,0,0
"Texas","Hunt",2004,366,304,53,8,1,0,0,187,71,35,0,24,342,0,0,0
"Texas","Jeff Davis",2004,48,48,0,0,0,0,0,35,28,15,0,0,0,0,48,0
"Texas","Jefferson",2004,366,149,154,51,11,1,0,203,119,57,0,1,149,103,113,0
"Texas","Johnson",2004,364,277,57,25,5,0,0,190,93,38,0,0,364,0,0,0
"Texas","Kaufman",2004,363,280,77,6,0,0,0,136,72,36,0,11,324,0,28,0
"Texas","Kleberg",2004,60,54,6,0,0,0,0,67,51,33,0,0,0,0,60,0
"Texas","Lubbock",2004,56,51,5,0,0,0,0,74,49,27,0,0,0,0,56,0
"Texas","Montgomery",2004,365,269,86,9,1,0,0,197,67,40,0,11,291,0,63,0
"Texas","Nueces",2004,366,284,68,13,1,0,0,169,67,38,0,0,273,38,54,1
"Texas","Orange",2004,366,262,93,10,1,0,0,154,74,38,0,12,255,0,99,0
"Texas","Parker",2004,366,295,51,20,0,0,0,143,74,36,0,0,366,0,0,0
"Texas","Polk",2004,248,199,42,7,0,0,0,140,67,38,0,0,248,0,0,0
"Texas","Potter",2004,125,121,4,0,0,0,0,64,41,24,0,0,0,0,125,0
"Texas","Rockwall",2004,364,286,59,17,2,0,0,169,84,37,0,0,364,0,0,0
"Texas","Smith",2004,366,265,65,35,1,0,0,164,100,39,0,2,364,0,0,0
"Texas","Tarrant",2004,366,187,133,35,9,2,0,203,112,50,0,19,156,0,191,0
"Texas","Travis",2004,366,296,57,11,2,0,0,166,77,34,0,14,351,0,0,1
"Texas","Victoria",2004,361,311,44,5,1,0,0,154,64,32,0,0,361,0,0,0
"Texas","Webb",2004,366,339,27,0,0,0,0,87,47,31,29,0,266,0,0,71
"Utah","Box Elder",2004,280,184,89,5,2,0,0,157,79,46,0,0,225,0,55,0
"Utah","Cache",2004,366,236,91,20,19,0,0,191,104,45,0,74,142,1,144,5
"Utah","Davis",2004,366,243,114,7,2,0,0,161,74,44,0,186,124,6,48,2
"Utah","Duchesne",2004,56,56,0,0,0,0,0,20,14,6,0,0,0,0,0,56
"Utah","Garfield",2004,116,116,0,0,0,0,0,26,18,9,0,0,0,0,116,0
"Utah","Salt Lake",2004,366,132,179,34,21,0,0,171,116,59,0,78,128,6,125,29
"Utah","San Juan",2004,358,233,119,6,0,0,0,122,74,47,0,0,355,0,3,0
"Utah","Uintah",2004,50,50,0,0,0,0,0,16,10,5,0,0,0,0,0,50
"Utah","Utah",2004,366,175,163,15,13,0,0,165,93,51,1,99,135,0,124,7
"Utah","Washington",2004,340,218,110,12,0,0,0,133,87,47,0,0,327,0,13,0
"Utah","Wayne",2004,101,101,0,0,0,0,0,38,21,12,0,0,0,0,101,0
"Utah","Weber",2004,366,207,146,10,3,0,0,161,84,49,9,177,126,0,38,16
"Vermont","Addison",2004,121,89,31,1,0,0,0,101,68,27,0,0,0,0,119,2
"Vermont","Bennington",2004,360,317,37,5,1,0,0,164,53,33,0,0,312,0,48,0
"Vermont","Chittenden",2004,366,309,52,5,0,0,0,129,58,36,0,45,263,0,58,0
"Vermont","Rutland",2004,335,283,50,2,0,0,0,102,58,25,4,177,0,61,90,3
"Vermont","Windham",2004,57,57,0,0,0,0,0,40,26,15,0,0,0,0,0,57
"Virgin Islands","St Croix",2004,365,324,33,7,1,0,0,163,52,21,0,0,0,320,35,10
"Virgin Islands","St John",2004,105,98,7,0,0,0,0,72,40,11,0,0,0,0,105,0
"Virgin Islands","St Thomas",2004,49,45,4,0,0,0,0,75,49,26,0,0,0,0,26,23
"Virginia","Alexandria City",2004,366,260,95,8,2,1,0,204,71,43,0,181,119,66,0,0
"Virginia","Arlington",2004,366,227,119,16,4,0,0,190,83,45,2,164,127,0,73,0
"Virginia","Bristol City",2004,117,46,70,1,0,0,0,106,80,54,0,0,0,0,117,0
"Virginia","Caroline",2004,214,169,33,11,1,0,0,151,77,42,0,0,214,0,0,0
"Virginia","Carroll",2004,60,60,0,0,0,0,0,28,23,13,0,0,0,0,0,60
"Virginia","Charles",2004,366,240,109,16,1,0,0,164,82,44,0,55,137,114,60,0
"Virginia","Charlottesville City",2004,56,56,0,0,0,0,0,43,28,16,0,0,0,0,0,56
"Virginia","Chesapeake City",2004,60,60,0,0,0,0,0,34,27,15,0,0,0,0,0,60
"Virginia","Chesterfield",2004,263,172,83,8,0,0,0,126,73,45,0,0,163,0,100,0
"Virginia","Culpeper",2004,56,56,0,0,0,0,0,42,28,14,0,0,0,0,0,56
"Virginia","Fairfax",2004,366,155,184,21,4,2,0,219,93,54,0,51,124,25,166,0
"Virginia","Fauquier",2004,209,180,24,3,2,0,0,164,58,39,0,0,209,0,0,0
"Virginia","Frederick",2004,214,167,45,1,1,0,0,159,74,41,0,0,214,0,0,0
"Virginia","Fredericksburg City",2004,59,59,0,0,0,0,0,44,29,15,0,0,0,0,0,59
"Virginia","Giles",2004,359,296,55,8,0,0,0,108,67,40,0,0,359,0,0,0
"Virginia","Hampton City",2004,366,265,94,7,0,0,0,150,76,39,17,0,152,131,66,0
"Virginia","Hanover",2004,212,151,46,15,0,0,0,129,90,44,0,0,212,0,0,0
"Virginia","Henrico",2004,303,171,119,13,0,0,0,119,79,47,0,0,163,0,140,0
"Virginia","King William",2004,25,25,0,0,0,0,0,20,18,10,0,0,0,0,0,25
"Virginia","Loudoun",2004,365,260,91,12,1,1,0,202,80,40,0,137,150,0,78,0
"Virginia","Lynchburg City",2004,118,65,53,0,0,0,0,97,70,48,0,0,0,0,118,0
"Virginia","Madison",2004,352,262,80,9,1,0,0,154,77,43,0,0,315,4,33,0
"Virginia","Norfolk City",2004,366,258,100,8,0,0,0,127,71,39,1,164,0,110,91,0
"Virginia","Page",2004,262,181,78,3,0,0,0,129,76,43,0,0,167,0,95,0
"Virginia","Prince Edward",2004,244,214,27,3,0,0,0,136,58,34,0,0,244,0,0,0
"Virginia","Prince William",2004,362,311,43,7,1,0,0,179,61,32,0,167,190,0,0,5
"Virginia","Richmond City",2004,366,215,147,4,0,0,0,108,69,44,1,152,0,31,182,0
"Virginia","Roanoke",2004,366,316,46,4,0,0,0,126,58,36,0,162,202,2,0,0
"Virginia","Roanoke City",2004,306,234,71,1,0,0,0,111,64,10,184,0,0,0,118,4
"Virginia","Rockbridge",2004,259,193,65,1,0,0,0,108,65,39,0,0,162,0,97,0
"Virginia","Rockingham",2004,366,366,0,0,0,0,0,47,35,24,0,249,0,93,0,24
"Virginia","Salem City",2004,118,50,67,1,0,0,0,103,78,54,0,0,0,0,118,0
"Virginia","Stafford",2004,214,170,38,4,2,0,0,182,74,41,0,0,214,0,0,0
"Virginia","Suffolk City",2004,214,145,59,9,1,0,0,185,90,44,0,0,214,0,0,0
"Virginia","Virginia Beach City",2004,344,180,162,2,0,0,0,114,70,48,0,0,0,0,344,0
"Virginia","Warren",2004,60,60,0,0,0,0,0,41,26,13,0,0,0,0,0,60
"Virginia","Winchester City",2004,61,61,0,0,0,0,0,44,28,15,0,0,0,0,0,61
"Virginia","Wythe",2004,207,161,45,1,0,0,0,133,71,43,0,0,207,0,0,0
"Washington","Adams",2004,366,341,25,0,0,0,0,83,45,25,0,0,0,0,366,0
"Washington","Asotin",2004,55,54,1,0,0,0,0,74,39,20,0,0,0,0,0,55
"Washington","Benton",2004,357,309,45,1,1,0,1,435,54,29,0,0,0,0,271,86
"Washington","Chelan",2004,122,85,37,0,0,0,0,85,72,36,0,0,0,0,122,0
"Washington","Clallam",2004,366,302,64,0,0,0,0,76,57,32,0,0,134,4,228,0
"Washington","Clark",2004,366,302,61,3,0,0,0,125,58,32,86,0,91,0,189,0
"Washington","Columbia",2004,363,324,39,0,0,0,0,97,52,25,0,0,0,0,363,0
"Washington","Cowlitz",2004,345,282,63,0,0,0,0,95,59,21,0,0,0,0,329,16
"Washington","Franklin",2004,366,332,34,0,0,0,0,78,49,23,0,0,0,0,366,0
"Washington","Grant",2004,363,319,42,2,0,0,0,125,52,26,0,0,0,0,363,0
"Washington","Grays Harbor",2004,366,320,46,0,0,0,0,85,52,28,0,0,0,0,363,3
"Washington","Jefferson",2004,366,331,35,0,0,0,0,79,48,26,0,0,0,0,366,0
"Washington","King",2004,366,175,175,14,2,0,0,154,86,52,0,24,55,1,286,0
"Washington","Kittitas",2004,141,141,0,0,0,0,0,48,35,13,0,0,0,0,141,0
"Washington","Klickitat",2004,217,189,28,0,0,0,0,93,54,35,0,0,143,0,74,0
"Washington","Lewis",2004,208,186,22,0,0,0,0,87,51,34,0,0,138,0,70,0
"Washington","Mason",2004,366,293,72,1,0,0,0,112,60,33,0,0,122,0,244,0
"Washington","Okanogan",2004,366,219,143,4,0,0,0,125,70,40,0,0,0,0,366,0
"Washington","Pierce",2004,366,188,164,13,1,0,0,153,87,50,0,0,138,0,228,0
"Washington","Skagit",2004,366,361,4,1,0,0,0,104,41,29,0,43,306,17,0,0
"Washington","Snohomish",2004,366,227,132,7,0,0,0,131,73,43,1,0,0,0,365,0
"Washington","Spokane",2004,366,213,149,4,0,0,0,115,71,47,16,0,109,0,230,11
"Washington","Stevens",2004,366,232,134,0,0,0,0,96,67,39,0,0,0,0,349,17
"Washington","Thurston",2004,364,269,93,2,0,0,0,116,67,36,0,0,121,0,243,0
"Washington","Walla Walla",2004,366,287,74,4,1,0,0,173,62,32,0,0,0,0,311,55
"Washington","Whatcom",2004,363,343,20,0,0,0,0,97,42,27,0,0,137,0,225,1
"Washington","Whitman",2004,366,339,27,0,0,0,0,75,43,24,0,0,0,0,366,0
"Washington","Yakima",2004,309,245,55,6,3,0,0,154,67,24,84,0,0,0,189,36
"West Virginia","Berkeley",2004,260,160,95,4,1,0,0,161,80,45,0,0,158,0,99,3
"West Virginia","Brooke",2004,366,135,156,70,5,0,0,173,113,59,0,0,0,280,63,23
"West Virginia","Cabell",2004,363,251,111,1,0,0,0,136,73,41,0,0,134,129,100,0
"West Virginia","Gilmer",2004,343,318,25,0,0,0,0,100,46,31,0,0,343,0,0,0
"West Virginia","Greenbrier",2004,210,174,35,1,0,0,0,112,61,41,0,0,210,0,0,0
"West Virginia","Hancock",2004,366,64,154,139,8,1,0,208,128,89,4,0,22,312,24,4
"West Virginia","Harrison",2004,119,60,57,2,0,0,0,109,70,50,0,0,0,0,119,0
"West Virginia","Kanawha",2004,366,205,150,11,0,0,0,147,84,47,0,0,102,154,93,17
"West Virginia","Marion",2004,118,48,68,2,0,0,0,137,74,54,0,0,0,0,118,0
"West Virginia","Marshall",2004,357,130,158,66,3,0,0,186,109,62,0,0,0,300,57,0
"West Virginia","Mercer",2004,111,64,47,0,0,0,0,98,70,44,0,0,0,0,111,0
"West Virginia","Monongalia",2004,366,215,108,36,7,0,0,200,102,44,0,0,99,190,77,0
"West Virginia","Ohio",2004,341,265,72,4,0,0,0,130,65,36,86,0,150,0,105,0
"West Virginia","Raleigh",2004,118,65,53,0,0,0,0,94,72,46,0,0,0,0,118,0
"West Virginia","Summers",2004,114,83,31,0,0,0,0,91,66,33,0,0,0,0,114,0
"West Virginia","Tucker",2004,363,306,56,1,0,0,0,105,58,35,0,0,304,0,59,0
"West Virginia","Wayne",2004,366,268,94,4,0,0,0,115,67,41,0,152,0,214,0,0
"West Virginia","Wood",2004,364,181,148,32,3,0,0,173,100,51,0,0,95,199,70,0
"Wisconsin","Ashland",2004,176,169,7,0,0,0,0,71,42,29,0,0,133,0,43,0
"Wisconsin","Brown",2004,365,283,78,4,0,0,0,126,64,34,0,0,133,158,74,0
"Wisconsin","Columbia",2004,183,161,21,1,0,0,0,115,54,38,0,0,183,0,0,0
"Wisconsin","Dane",2004,241,177,60,4,0,0,0,124,66,40,0,0,161,0,80,0
"Wisconsin","Dodge",2004,365,242,115,8,0,0,0,129,71,42,0,0,190,0,175,0
"Wisconsin","Door",2004,175,138,27,8,2,0,0,156,74,39,0,0,175,0,0,0
"Wisconsin","Douglas",2004,59,59,0,0,0,0,0,44,29,16,0,0,0,0,0,59
"Wisconsin","Eau Claire",2004,56,56,0,0,0,0,0,30,22,11,0,0,0,0,0,56
"Wisconsin","Florence",2004,182,166,15,1,0,0,0,112,49,37,0,0,182,0,0,0
"Wisconsin","Fond du Lac",2004,191,167,22,2,0,0,0,112,58,37,0,0,191,0,0,0
"Wisconsin","Forest",2004,339,319,19,1,0,0,0,108,47,36,0,0,325,4,8,2
"Wisconsin","Grant",2004,114,78,34,2,0,0,0,124,65,40,0,0,0,0,114,0
"Wisconsin","Green",2004,186,169,16,1,0,0,0,115,50,37,0,0,186,0,0,0
"Wisconsin","Jefferson",2004,192,162,29,1,0,0,0,136,67,39,0,0,192,0,0,0
"Wisconsin","Kenosha",2004,244,170,66,6,2,0,0,179,80,43,0,0,166,0,78,0
"Wisconsin","Kewaunee",2004,198,168,24,6,0,0,0,143,64,38,0,0,198,0,0,0
"Wisconsin","Manitowoc",2004,240,190,43,7,0,0,0,143,67,37,0,0,168,0,72,0
"Wisconsin","Marathon",2004,183,163,20,0,0,0,0,100,54,40,0,0,183,0,0,0
"Wisconsin","Milwaukee",2004,366,265,85,15,1,0,0,187,68,39,0,103,159,17,86,1
"Wisconsin","Oneida",2004,365,274,49,41,1,0,0,151,104,32,0,0,127,238,0,0
"Wisconsin","Outagamie",2004,247,189,53,5,0,0,0,112,68,39,0,0,173,0,74,0
"Wisconsin","Ozaukee",2004,244,188,44,12,0,0,0,140,68,38,0,0,170,0,74,0
"Wisconsin","Racine",2004,182,154,26,1,1,0,0,164,67,35,0,0,182,0,0,0
"Wisconsin","Rock",2004,198,164,31,3,0,0,0,136,71,40,0,0,198,0,0,0
"Wisconsin","Sauk",2004,347,296,50,1,0,0,0,113,55,37,0,4,284,3,56,0
"Wisconsin","Sheboygan",2004,184,152,21,11,0,0,0,140,77,37,0,0,184,0,0,0
"Wisconsin","St. Croix",2004,225,194,31,0,0,0,0,93,56,36,0,0,201,0,24,0
"Wisconsin","Taylor",2004,292,257,35,0,0,0,0,87,54,33,0,0,235,0,57,0
"Wisconsin","Vernon",2004,191,169,22,0,0,0,0,84,54,37,0,0,191,0,0,0
"Wisconsin","Vilas",2004,256,228,27,1,0,0,0,115,51,37,0,0,213,15,24,4
"Wisconsin","Walworth",2004,184,146,37,1,0,0,0,129,74,40,0,0,184,0,0,0
"Wisconsin","Washington",2004,182,154,26,2,0,0,0,122,61,38,0,0,182,0,0,0
"Wisconsin","Waukesha",2004,347,256,84,7,0,0,0,139,64,35,0,0,136,0,137,74
"Wisconsin","Waupaca",2004,32,24,8,0,0,0,0,92,59,31,0,0,0,0,29,3
"Wyoming","Albany",2004,356,208,143,5,0,0,0,122,77,48,0,0,345,0,0,11
"Wyoming","Campbell",2004,366,204,157,3,0,0,2,521,70,49,0,17,174,42,9,124
"Wyoming","Converse",2004,354,340,14,0,0,0,0,70,40,14,0,235,0,0,8,111
"Wyoming","Fremont",2004,305,271,30,4,0,0,0,126,55,14,0,0,0,206,77,22
"Wyoming","Johnson",2004,118,118,0,0,0,0,0,40,18,6,0,0,0,0,118,0
"Wyoming","Laramie",2004,118,114,4,0,0,0,0,82,33,18,0,0,0,0,95,23
"Wyoming","Lincoln",2004,366,341,25,0,0,0,0,78,40,13,0,0,0,0,0,366
"Wyoming","Natrona",2004,94,93,1,0,0,0,0,53,27,14,0,0,0,0,0,94
"Wyoming","Park",2004,121,120,1,0,0,0,0,51,21,10,0,0,0,0,80,41
"Wyoming","Platte",2004,58,55,3,0,0,0,0,87,36,14,0,0,0,0,0,58
"Wyoming","Sheridan",2004,237,189,43,5,0,0,0,116,60,32,0,0,0,0,77,160
"Wyoming","Sublette",2004,364,284,80,0,0,0,0,90,61,45,0,8,355,0,1,0
"Wyoming","Sweetwater",2004,366,323,39,1,2,0,1,412,53,20,0,0,0,0,0,366
"Wyoming","Teton",2004,354,311,43,0,0,0,0,94,52,43,6,0,325,0,20,3
